Team,Ranking1,Ranking2,Ranking3,Ranking4
Brazil,1038.91,277.78,237.98,160.36
Argentina,877.12,370.55,275.96,102.60
Germany,857.80,206.00,345.94,101.70
Chile,756.47,396.92,146.74,122.00
Colombia,705.66,298.62,246.48,114.87
France,855.30,175.63,211.40,89.84
Belgium,597.83,293.95,288.32,111.48
Portugal,671.59,282.42,185.29,127.46
Switzerland,788.68,177.66,168.95,128.00
Spain,597.37,334.82,133.20,132.80
Poland,764.51,225.25,166.21,41.72
Italy,708.03,208.82,165.02,111.36
Wales,683.10,202.46,171.77,62.04
England,591.57,272.26,156.10,99.25
Peru,809.83,184.93,61.15,52.46
Uruguay,487.69,291.34,185.48,134.27
Mexico,583.06,246.45,134.85,85.61
Croatia,637.83,178.39,160.84,56.05
Costa Rica,477.40,153.49,188.80,93.06
Egypt,568.68,161.99,70.34,101.97
Slovakia,428.49,169.90,221.19,63.40
Iceland,506.60,169.99,139.64,60.73
USA,453.11,186.98,91.92,129.28
Ecuador,403.45,289.29,111.52,53.80
Turkey,386.42,309.87,72.91,85.79
Republic of Ireland,487.91,234.83,101.35,29.57
Senegal,479.05,134.68,175.48,49.78
Northern Ireland,389.48,253.99,149.39,44.64
Bosnia and Herzegovina,422.21,237.25,105.29,70.60
IR Iran,470.21,160.99,119.47,77.99
Netherlands,324.97,129.54,287.37,77.68
Cameroon,533.02,111.40,104.88,61.76
Hungary,369.81,277.98,107.90,45.92
Sweden,439.70,178.38,111.66,63.08
Austria,208.44,279.68,179.80,82.33
Paraguay,435.33,231.13,31.54,49.57
Ukraine,292.30,236.72,95.17,113.14
Nigeria,474.22,99.11,101.25,55.13
Congo DR,437.06,145.50,114.71,31.02
Greece,393.81,111.42,111.36,109.54
Tunisia,388.94,110.76,148.02,57.33
Burkina Faso,480.22,99.70,76.67,48.03
Korea Republic,404.98,158.08,98.95,41.13
Czech Republic,274.23,178.83,177.92,58.73
Japan,407.86,133.22,103.27,45.02
Romania,231.56,154.86,219.53,80.11
Côte d'Ivoire,330.55,143.01,152.47,58.73
Australia,393.55,157.25,84.41,46.05
Ghana,323.72,164.82,138.94,50.86
Serbia,380.69,156.40,46.93,81.68
Denmark,313.01,156.22,120.32,70.47
Montenegro,489.06,53.51,76.33,28.27
Algeria,233.69,151.46,151.89,99.00
Saudi Arabia,360.20,190.45,40.53,44.56
Israel,381.65,60.28,151.02,41.61
Morocco,358.04,190.09,43.82,39.33
Slovenia,327.78,112.17,83.41,107.34
Venezuela,420.58,103.40,41.98,63.89
Panama,351.09,135.71,64.11,75.17
Bulgaria,378.68,116.94,92.22,27.39
Scotland,243.91,125.89,124.42,108.83
Uzbekistan,315.56,155.87,61.11,49.65
Russia,168.88,209.83,110.22,71.92
Haiti,325.13,132.16,61.36,35.85
South Africa,286.27,132.54,87.28,41.33
Mali,295.80,129.74,96.60,22.13
Albania,232.07,123.79,158.88,29.30
Armenia,355.84,62.97,17.61,90.72
Honduras,331.40,73.19,27.25,85.47
Curaçao,388.54,59.50,38.61,5.28
Uganda,236.19,113.54,91.16,37.56
Guinea,175.95,114.40,119.54,65.65
Bolivia,288.64,111.14,31.98,41.17
Kenya,331.45,80.22,20.22,31.21
United Arab Emirates,193.45,128.37,76.70,51.06
Azerbaijan,309.78,55.94,23.38,49.90
Trinidad and Tobago,151.73,153.48,85.28,45.45
Syria,265.35,111.04,42.33,17.14
Jamaica,133.88,185.29,96.00,20.32
Faroe Islands,225.23,120.66,81.08,4.25
Benin,200.46,147.38,30.22,49.02
China PR,207.53,117.24,73.65,26.48
Belarus,191.07,132.59,66.32,28.63
Cape Verde Islands,99.63,120.59,122.39,74.92
Congo,132.81,115.12,134.18,30.23
Gabon,202.87,56.41,114.20,35.41
Norway,108.03,166.84,82.06,33.95
Qatar,171.06,119.53,51.07,32.50
St Kitts and Nevis,170.45,125.52,65.90,0.00
Swaziland,207.19,119.40,23.65,11.19
Cyprus,147.76,107.66,85.76,14.36
Libya,213.78,91.94,0.00,45.64
Antigua and Barbuda,142.80,134.41,71.46,0.00
Namibia,212.57,59.73,45.65,27.25
Guatemala,164.88,110.98,66.02,2.50
New Zealand,229.31,95.54,5.71,13.05
Madagascar,165.75,87.52,58.48,29.41
Estonia,155.51,95.20,60.72,25.57
Zambia,126.60,98.29,83.95,26.48
Nicaragua,168.53,135.62,27.32,0.00
India,260.61,33.51,25.50,11.72
Kazakhstan,171.38,106.92,26.99,25.91
Guinea-Bissau,167.66,116.64,12.88,32.34
Lithuania,182.51,53.51,58.43,32.95
Mauritania,179.92,104.48,13.16,29.75
Mozambique,154.56,75.61,76.52,19.18
El Salvador,149.43,85.58,37.20,53.43
Finland,53.79,164.31,41.58,63.15
Jordan,109.69,136.65,18.21,53.61
Canada,146.16,114.77,42.76,14.47
Equatorial Guinea,73.44,78.62,136.36,29.33
Togo,152.11,67.72,67.94,29.15
Sierra Leone,161.50,62.34,28.05,56.85
Korea DPR,142.07,145.02,16.13,3.30
Zimbabwe,152.58,101.01,19.13,30.51
Palestine,130.73,91.71,17.27,54.32
Malawi,127.23,72.57,69.11,18.24
Oman,116.09,88.31,26.50,53.92
Suriname,272.00,0.00,6.38,5.28
Iraq,109.65,78.84,65.60,26.02
Botswana,67.76,121.02,35.96,48.46
Latvia,95.15,70.82,72.06,33.44
Georgia,156.24,82.86,8.17,23.53
Yemen,212.93,22.31,26.71,5.73
Ethiopia,127.50,61.79,46.81,28.52
Philippines,105.12,104.01,20.32,22.04
Thailand,97.85,101.72,37.49,11.67
Rwanda,70.13,83.54,61.51,30.45
Central African Republic,98.18,134.23,0.00,4.30
Niger,98.18,81.97,35.92,20.06
Vietnam,98.32,88.19,24.75,23.94
Kyrgyz Republic,92.41,127.90,0.00,12.29
Puerto Rico,159.73,58.37,13.77,0.00
Bahrain,93.39,63.58,44.23,30.38
Lebanon,132.72,55.87,14.79,24.88
FYR Macedonia,107.34,40.69,28.37,41.40
Tajikistan,142.42,33.73,14.92,13.73
Guyana,63.75,113.90,16.40,0.00
Tanzania,73.95,74.72,20.97,23.16
Lesotho,97.92,34.54,35.76,22.02
Angola,44.47,57.06,54.83,31.85
Belize,43.11,127.93,12.75,3.94
Turkmenistan,63.75,110.15,0.00,12.90
Comoros,104.41,68.68,0.00,12.83
Dominican Republic,107.61,36.34,39.92,0.00
Luxembourg,50.56,79.83,20.07,33.26
South Sudan,95.63,79.69,0.00,7.40
Hong Kong,69.45,88.09,17.63,4.30
Burundi,51.00,91.06,21.68,15.69
Mauritius,54.40,96.82,17.80,5.80
Liberia,44.63,114.22,0.00,15.22
Tahiti,141.67,31.88,0.00,0.00
Papua New Guinea,145.44,23.38,0.00,0.00
Chad,0.00,146.63,0.00,21.84
Malaysia,90.45,28.12,14.18,15.10
Maldives,92.08,34.00,0.00,19.56
Singapore,39.79,69.35,18.24,16.07
Sudan,0.00,64.15,51.96,24.30
Afghanistan,61.20,50.72,7.65,20.53
Chinese Taipei,107.33,9.11,13.61,6.09
Moldova,49.71,22.10,18.69,44.61
New Caledonia,122.64,10.63,0.00,0.00
Myanmar,51.85,39.03,27.86,12.90
Grenada,42.33,63.75,16.96,7.57
Cuba,0.00,58.34,38.40,27.40
Bhutan,85.00,0.00,38.25,0.00
Gambia,46.92,41.51,13.01,18.58
Kuwait,0.00,70.10,23.77,24.46
Nepal,76.50,23.91,6.38,8.97
Barbados,0.00,70.98,44.77,0.00
Aruba,0.00,80.75,0.00,33.36
Laos,60.48,33.56,12.75,6.59
Kosovo,112.28,0.00,0.00,0.00
Cambodia,66.41,19.01,22.02,0.00
Indonesia,70.05,0.00,21.11,14.17
St Vincent and the Grenadines,0.00,37.05,51.89,14.64
St Lucia,0.00,61.20,23.59,17.53
São Tomé e Príncipe,0.00,98.28,0.00,0.00
Vanuatu,63.75,29.75,0.00,0.00
Solomon Islands,45.16,44.63,0.00,0.00
Fiji,35.42,51.35,0.00,0.00
Malta,11.74,32.29,14.96,24.56
Guam,0.00,56.71,16.39,8.62
Macau,53.13,4.25,19.18,0.00
Bermuda,0.00,26.99,48.45,0.00
Liechtenstein,0.00,13.44,48.79,7.20
Andorra,62.94,3.69,0.00,2.20
Brunei Darussalam,42.50,0.00,22.31,0.00
American Samoa,0.00,63.75,0.00,0.00
Cook Islands,0.00,63.75,0.00,0.00
Samoa,0.00,63.75,0.00,0.00
Bangladesh,21.25,18.81,17.85,3.61
Dominica,0.00,31.88,23.91,5.03
Seychelles,6.07,32.80,7.52,10.53
Djibouti,53.13,0.00,0.00,0.00
Timor-Leste,4.72,14.17,31.88,0.00
Mongolia,34.00,0.00,0.00,0.00
Sri Lanka,8.50,12.75,7.29,5.16
US Virgin Islands,0.00,0.00,26.39,0.00
Pakistan,0.00,0.00,15.25,8.60
Turks and Caicos Islands,0.00,0.00,19.80,0.00
Montserrat,0.00,0.00,6.38,13.20
Cayman Islands,0.00,0.00,12.75,0.00
San Marino,0.00,0.00,11.88,0.00
British Virgin Islands,0.00,0.00,6.38,0.00
Anguilla,0.00,0.00,0.00,0.00
Bahamas,0.00,0.00,0.00,0.00
Eritrea,0.00,0.00,0.00,0.00
Gibraltar,0.00,0.00,0.00,0.00
Somalia,0.00,0.00,0.00,0.00
Tonga,0.00,0.00,0.00,0.00
