Team,Ranking1,Ranking2,Ranking3,Ranking4
Argentina,557.25,511.50,214.47,136.06
Germany,508.36,579.33,152.13,160.93
Belgium,654.79,427.17,231.59,73.54
Portugal,670.77,314.46,113.81,135.75
Colombia,455.30,436.51,188.73,147.12
Spain,598.56,248.98,211.35,164.49
Brazil,544.58,391.85,188.38,79.56
Wales,823.11,198.90,98.89,74.51
Chile,620.35,315.36,147.07,93.94
England,692.90,236.79,106.10,124.88
Austria,771.93,154.18,113.18,60.34
Switzerland,445.51,336.42,159.64,102.12
Romania,613.68,228.31,131.66,68.28
Netherlands,308.58,484.98,144.87,65.86
Czech Republic,563.37,216.04,96.23,107.08
Croatia,505.21,194.54,162.48,102.67
Italy,436.49,222.08,192.76,110.89
Slovakia,621.56,184.10,81.03,48.81
Algeria,442.11,271.95,114.03,98.72
Uruguay,304.13,350.99,157.23,107.09
Côte d'Ivoire,476.73,211.13,130.94,97.65
France,311.45,390.50,94.57,102.62
Iceland,545.41,170.33,130.92,34.88
Ukraine,415.40,239.42,147.20,72.24
Ghana,499.85,136.04,137.19,75.45
Russia,406.84,183.23,143.34,111.96
Mexico,366.07,264.63,115.07,96.50
Denmark,425.04,205.11,105.61,99.29
USA,317.94,222.36,198.82,67.90
Bosnia and Herzegovina,376.45,179.21,172.22,59.30
Ecuador,286.84,214.94,129.04,134.03
Albania,461.40,127.65,130.42,35.43
Hungary,481.47,84.43,133.27,41.73
Norway,532.79,48.01,92.98,64.91
Northern Ireland,505.32,117.00,90.81,10.37
Tunisia,361.80,186.70,102.03,71.72
Turkey,400.31,172.21,77.84,66.43
Senegal,410.22,183.94,80.54,38.73
IR Iran,417.97,127.78,107.40,49.88
Scotland,346.57,216.24,84.65,54.29
Cape Verde Islands,378.65,133.67,108.75,80.20
Costa Rica,188.31,309.85,157.28,35.93
Poland,458.56,75.28,79.96,65.99
Greece,151.03,271.96,146.38,106.84
Sweden,339.62,119.38,120.39,92.36
Slovenia,377.03,104.18,120.02,60.79
Israel,420.13,123.69,93.26,22.27
Cameroon,333.72,162.95,102.21,40.66
Congo,337.64,171.79,50.03,76.60
Peru,350.18,100.76,108.76,63.63
Egypt,353.02,125.41,86.76,54.34
Nigeria,270.30,153.31,134.67,42.05
Korea Republic,353.83,102.24,56.31,78.04
Republic of Ireland,342.39,108.61,59.79,75.73
Guinea,303.06,150.21,68.45,60.52
Japan,320.80,115.00,74.89,71.18
Jamaica,430.94,34.73,56.64,53.40
Australia,388.64,50.04,77.23,51.24
Trinidad and Tobago,379.03,72.77,75.07,37.15
Congo DR,341.38,107.85,65.18,49.06
Paraguay,299.11,94.78,106.30,51.62
Mali,268.05,78.06,99.18,100.49
Serbia,225.34,164.82,101.52,45.90
Finland,282.98,99.55,113.22,37.87
Gabon,315.71,96.67,47.98,68.70
Panama,254.16,85.05,123.37,66.24
Equatorial Guinea,360.50,39.35,57.92,52.65
Bolivia,318.15,41.50,98.95,51.19
Venezuela,274.00,39.75,122.03,65.71
United Arab Emirates,265.60,105.97,90.78,28.55
Zambia,292.62,50.02,50.60,93.28
Montenegro,182.22,112.52,129.19,45.60
South Africa,243.28,101.76,89.40,30.68
Uzbekistan,194.83,112.77,101.48,55.42
Uganda,238.43,100.61,79.82,36.20
Burkina Faso,143.96,154.50,119.13,9.22
Haiti,278.27,0.00,65.00,74.29
Bulgaria,125.30,138.16,85.99,64.24
Togo,279.44,0.00,94.01,37.12
Morocco,235.31,50.90,80.83,40.05
China PR,246.60,79.92,43.03,35.78
Guatemala,133.61,175.53,33.54,58.39
Antigua and Barbuda,202.65,121.13,47.92,28.74
Sudan,297.50,57.73,16.59,26.72
Iraq,217.29,89.44,34.70,54.75
Faroe Islands,378.68,17.00,0.00,0.00
Estonia,203.01,98.94,46.73,38.96
Saudi Arabia,182.19,127.31,47.67,26.57
Mauritania,272.00,57.42,49.87,0.00
Honduras,104.77,93.98,136.26,43.66
Armenia,121.63,117.57,98.33,39.85
Qatar,198.79,89.44,39.60,37.33
Rwanda,181.11,113.87,27.91,40.95
El Salvador,151.64,107.74,53.42,50.04
Liberia,239.28,38.06,33.58,49.54
Nicaragua,316.93,0.00,14.92,28.13
Angola,199.33,53.06,54.51,45.70
Belarus,176.06,73.91,72.38,27.63
Jordan,123.70,99.40,77.51,47.31
Benin,123.25,114.86,49.54,53.39
Malawi,179.61,104.65,26.32,28.18
Oman,121.13,112.74,62.82,41.37
Latvia,175.60,94.37,44.28,20.69
Canada,203.46,42.30,25.76,61.80
Azerbaijan,166.13,94.71,43.17,24.22
Libya,112.37,84.22,65.40,66.10
Mozambique,174.68,75.15,35.43,41.39
Ethiopia,195.76,9.11,70.29,40.32
Zimbabwe,168.11,78.08,33.56,32.86
Georgia,177.27,49.88,29.04,51.34
Botswana,134.23,98.30,55.84,16.84
St Kitts and Nevis,174.86,76.93,19.80,31.15
Burundi,185.73,45.41,41.72,29.23
Cyprus,106.07,153.87,17.44,22.57
Aruba,193.80,83.40,0.00,22.07
Lithuania,143.40,97.39,42.28,14.81
Cuba,169.15,13.05,109.07,2.99
Belize,248.63,0.00,24.76,19.01
Dominican Republic,124.31,31.88,83.00,50.98
Niger,158.01,55.30,51.21,22.29
Sierra Leone,89.52,74.88,67.01,54.40
St Vincent and the Grenadines,134.42,80.26,46.53,23.10
Syria,212.69,32.25,33.06,5.16
Bahrain,129.31,87.31,39.86,26.38
Namibia,135.92,73.35,29.29,35.77
Central African Republic,172.13,10.75,0.00,88.51
Madagascar,175.95,73.53,0.00,12.90
Kuwait,140.22,50.34,44.63,25.20
Korea DPR,163.60,0.00,30.66,57.76
Palestine,89.05,109.83,26.41,20.72
Kenya,94.51,71.28,42.99,36.34
FYR Macedonia,83.28,25.52,95.81,34.83
Moldova,82.50,98.04,43.88,14.09
Philippines,123.61,54.79,34.83,24.86
Swaziland,169.27,46.69,8.14,0.00
Tanzania,78.93,76.09,38.06,24.44
Guyana,144.67,10.63,28.29,26.28
Bermuda,153.91,0.00,0.00,55.44
St Lucia,72.72,73.87,54.89,6.78
Lebanon,63.41,58.89,31.60,47.34
Lesotho,59.89,92.57,32.08,16.09
Kazakhstan,80.49,60.42,41.75,16.37
Luxembourg,87.56,52.42,45.14,13.56
South Sudan,175.95,18.49,0.00,3.96
Thailand,143.18,7.91,32.19,12.84
Kyrgyz Republic,110.07,31.83,53.54,0.00
Guinea-Bissau,81.26,102.30,0.00,9.12
New Zealand,27.54,18.20,95.20,46.58
Vietnam,96.99,61.08,11.47,17.17
Afghanistan,69.82,47.30,48.02,17.92
Guam,124.43,32.13,15.66,10.32
Curaçao,91.14,60.80,0.00,28.75
Hong Kong,123.10,3.54,35.93,17.20
Barbados,144.31,14.66,0.00,15.92
Turkmenistan,67.58,32.25,36.38,35.83
Liechtenstein,147.40,0.00,17.70,5.00
Singapore,86.33,49.73,21.29,7.14
Malta,97.85,12.50,36.15,17.74
Grenada,53.72,29.55,53.70,21.82
Tajikistan,55.42,32.87,47.21,20.08
Gambia,100.80,0.00,27.86,25.71
Samoa,127.50,0.00,0.00,24.79
Myanmar,48.32,65.98,30.90,1.72
American Samoa,127.50,0.00,0.00,17.00
Puerto Rico,76.33,22.95,0.00,34.82
Cook Islands,127.50,0.00,0.00,4.25
India,66.79,22.62,25.80,13.00
Mauritius,107.34,0.00,16.07,0.00
New Caledonia,0.00,0.00,68.85,51.18
Timor-Leste,102.19,0.00,15.48,0.00
Malaysia,45.79,36.58,19.35,9.59
Indonesia,51.57,40.00,12.53,6.84
Bhutan,106.25,0.00,0.00,0.00
Dominica,76.39,14.11,0.00,11.00
Chad,0.00,54.61,0.00,45.51
Maldives,0.00,54.67,24.12,16.74
Pakistan,50.83,12.90,19.89,5.68
US Virgin Islands,87.98,0.00,0.00,0.00
Laos,44.91,19.78,20.34,0.00
Yemen,55.82,15.32,0.00,10.84
Suriname,0.00,23.83,29.30,25.97
Bangladesh,51.21,4.30,17.69,3.44
Chinese Taipei,40.33,15.22,6.45,7.17
Seychelles,34.90,32.56,0.00,0.00
Montserrat,21.25,33.00,0.00,13.20
Cambodia,66.05,0.00,0.00,0.00
Brunei Darussalam,45.54,0.00,15.48,0.00
Tahiti,0.00,0.00,14.48,45.54
Fiji,51.00,0.00,0.00,8.50
Nepal,29.75,0.00,15.80,5.36
Sri Lanka,8.50,12.75,22.58,5.16
Cayman Islands,42.50,0.00,0.00,6.34
Comoros,13.77,32.08,2.58,0.00
Macau,29.92,17.00,0.00,1.43
São Tomé e Príncipe,0.00,0.00,0.00,48.02
San Marino,34.65,0.00,0.00,0.00
Turks and Caicos Islands,0.00,33.00,0.00,0.00
Solomon Islands,0.00,0.00,0.00,32.97
British Virgin Islands,21.25,0.00,0.00,5.28
Tonga,0.00,0.00,0.00,17.00
Vanuatu,0.00,0.00,0.00,12.75
Eritrea,0.00,0.00,0.00,7.57
Mongolia,0.00,0.00,6.45,0.00
Somalia,0.00,0.00,0.00,5.59
Andorra,0.00,0.00,2.89,2.60
Djibouti,0.00,0.00,0.00,4.30
Papua New Guinea,0.00,0.00,0.00,4.25
Anguilla,0.00,0.00,0.00,0.00
Bahamas,0.00,0.00,0.00,0.00
