Team,Ranking1,Ranking2,Ranking3,Ranking4
Argentina,741.10,459.93,153.90,148.42
Belgium,587.90,480.53,167.22,148.07
Colombia,597.24,410.79,172.31,147.81
Germany,412.01,576.56,167.81,154.13
Chile,793.85,244.56,183.00,71.92
Spain,669.64,221.99,199.20,175.76
Brazil,555.56,396.63,253.58,51.06
Portugal,564.84,308.81,191.19,116.59
Uruguay,582.68,309.13,201.40,56.39
Austria,610.71,299.66,123.49,43.62
England,544.52,260.16,159.38,105.36
Italy,417.65,275.03,167.04,122.41
Ecuador,578.57,185.86,80.70,133.07
Netherlands,259.08,478.96,116.51,104.37
Switzerland,355.32,281.58,192.00,118.92
Mexico,492.90,224.75,128.42,95.89
France,347.19,352.33,134.75,90.24
Turkey,619.75,121.52,128.69,48.92
Ukraine,473.45,158.62,182.83,79.30
Hungary,555.96,179.83,68.88,81.12
Bosnia and Herzegovina,474.51,175.48,105.90,129.76
Romania,309.72,365.88,120.17,82.49
Costa Rica,306.98,337.14,130.86,77.53
Slovakia,339.80,368.65,95.10,48.20
Northern Ireland,507.98,248.98,66.96,27.55
Wales,404.91,286.28,93.06,62.03
Croatia,356.79,268.07,84.07,133.52
Poland,450.51,277.02,62.58,52.11
Russia,419.66,183.70,107.88,117.00
Czech Republic,336.75,296.54,88.10,93.78
USA,373.96,153.20,195.13,80.47
Algeria,302.92,253.15,152.54,77.55
Republic of Ireland,516.63,168.92,40.25,42.29
Iceland,339.98,232.73,91.09,87.38
Sweden,378.28,186.09,94.62,76.07
Côte d'Ivoire,286.02,254.11,88.09,103.45
Ghana,329.65,231.57,76.29,90.92
Denmark,312.44,200.53,105.71,78.29
IR Iran,321.98,199.11,116.99,50.10
Greece,222.85,185.59,164.31,104.89
Senegal,269.36,292.46,74.66,40.85
Albania,266.72,264.80,43.95,91.40
Scotland,251.79,207.36,163.25,36.95
Paraguay,462.27,52.56,74.35,48.61
Egypt,323.98,117.24,152.95,37.08
Jamaica,370.58,160.00,30.48,69.21
Tunisia,221.51,246.70,86.00,74.96
Peru,369.85,101.91,71.40,79.55
Cape Verde Islands,241.19,203.99,112.39,62.84
Korea Republic,316.17,164.91,61.69,60.26
Norway,333.68,136.77,50.93,71.45
Congo DR,291.01,191.18,46.53,60.73
Japan,266.44,168.85,71.26,74.61
Serbia,305.76,78.21,122.52,69.36
Guinea,228.79,199.24,98.48,46.86
Panama,271.42,106.85,121.43,71.80
Slovenia,231.11,139.01,161.01,35.83
Cameroon,236.73,174.79,96.27,58.14
Australia,314.50,140.68,69.07,38.56
Congo,230.23,223.64,45.35,60.29
Nigeria,201.72,168.75,82.70,106.19
Morocco,380.18,73.04,59.00,43.13
Mali,259.47,161.00,33.19,100.50
Trinidad and Tobago,290.43,142.14,68.17,49.71
Saudi Arabia,380.91,67.55,66.84,29.88
Uzbekistan,311.74,101.85,74.47,55.51
Finland,328.63,69.30,94.73,42.90
South Africa,265.08,145.46,62.00,56.50
Bulgaria,233.89,153.70,41.09,89.51
United Arab Emirates,256.74,127.83,76.59,55.58
Israel,140.66,251.71,54.35,66.01
Uganda,242.22,151.93,56.35,49.01
Burkina Faso,199.40,127.79,76.55,75.40
Haiti,264.31,102.27,53.77,57.57
Benin,294.77,50.36,73.53,54.52
Equatorial Guinea,157.23,227.27,43.99,37.15
Venezuela,206.81,69.97,95.83,83.40
Belarus,239.53,110.53,42.94,49.25
Zambia,196.57,139.91,39.73,59.97
Jordan,273.30,30.36,80.42,50.30
China PR,234.48,122.75,39.72,26.29
Bolivia,222.28,53.30,61.76,82.25
Antigua and Barbuda,268.81,119.11,0.00,24.59
Cyprus,215.33,142.93,21.54,27.00
Qatar,239.06,85.12,48.74,33.64
Honduras,146.38,45.42,135.74,65.23
Botswana,242.04,59.94,72.70,16.21
Gabon,112.83,190.33,53.12,31.47
Faroe Islands,241.31,135.14,6.38,0.00
Montenegro,107.02,127.22,42.41,105.50
Guatemala,221.96,110.03,3.75,41.88
St Kitts and Nevis,251.04,109.84,0.00,13.20
Canada,229.53,71.26,21.71,40.85
Estonia,190.40,101.20,38.35,29.60
Togo,135.45,113.23,43.73,65.51
Central African Republic,268.46,0.00,6.45,75.86
Mozambique,151.22,127.54,28.77,41.09
Korea DPR,290.04,26.89,4.95,26.38
El Salvador,171.16,62.00,80.15,28.23
Oman,176.62,44.17,80.88,36.34
Syria,222.08,70.55,25.71,17.34
Iraq,157.68,109.34,39.03,28.08
Rwanda,167.08,102.51,45.68,16.67
Latvia,141.64,120.11,50.16,17.60
Nicaragua,271.24,45.54,0.00,12.13
Chad,293.25,0.00,32.77,0.00
Malawi,145.14,115.18,27.36,32.24
Sierra Leone,124.68,46.75,85.27,60.69
Madagascar,175.05,97.47,44.12,0.00
Armenia,125.94,29.35,136.08,23.24
Kyrgyz Republic,255.80,0.00,18.44,38.70
Kazakhstan,213.84,44.99,38.87,14.21
Palestine,183.41,28.78,81.49,17.00
Belize,255.85,21.25,5.91,24.23
Guinea-Bissau,233.27,21.46,48.50,0.00
Zimbabwe,190.71,31.88,45.76,34.45
Niger,163.94,59.87,30.09,48.56
Thailand,203.43,62.48,17.50,18.73
Swaziland,238.81,39.42,16.78,6.88
Philippines,208.01,33.86,33.06,24.24
Mauritania,208.97,21.93,44.63,18.37
Libya,183.88,0.00,68.46,40.16
Angola,114.11,91.38,47.77,39.14
Liberia,228.44,0.00,22.83,40.40
Ethiopia,123.58,78.02,42.77,43.21
Cuba,116.68,63.99,41.09,63.47
Lithuania,107.02,97.39,49.43,27.91
Sudan,136.80,86.59,37.80,17.21
Kenya,168.07,33.70,46.82,27.36
Guyana,227.80,27.34,0.00,15.88
Bahrain,127.16,73.72,45.58,24.16
Burundi,182.11,36.13,23.53,26.77
Vietnam,176.38,41.25,35.91,12.27
Turkmenistan,220.29,0.00,19.35,24.25
Namibia,119.46,76.08,40.87,26.77
Tanzania,149.43,34.94,35.91,40.37
Georgia,165.72,13.61,40.34,40.72
Azerbaijan,111.87,38.96,74.86,26.73
FYR Macedonia,81.38,47.28,62.10,59.28
Barbados,141.95,74.61,0.00,28.65
Kuwait,140.20,39.62,36.68,24.27
Mauritius,193.64,29.67,8.70,6.88
Hong Kong,176.18,29.38,6.45,21.37
Aruba,161.50,0.00,50.04,21.00
St Lucia,122.40,39.31,26.29,36.59
Luxembourg,127.22,33.44,49.89,10.25
New Zealand,127.33,9.52,19.58,63.72
St Vincent and the Grenadines,74.09,86.49,21.96,28.34
Singapore,138.70,30.40,24.10,13.65
Grenada,127.64,28.26,11.35,35.80
Lebanon,111.75,24.65,37.32,24.82
São Tomé e Príncipe,196.56,0.00,0.00,0.00
Dominican Republic,72.68,66.54,0.00,53.83
Curaçao,119.00,64.36,7.92,0.00
Lesotho,69.08,59.60,33.02,23.21
Afghanistan,105.64,17.00,30.79,30.10
South Sudan,159.38,0.00,11.09,3.96
Puerto Rico,116.73,22.95,0.00,27.77
Moldova,44.20,31.15,66.91,22.40
Guam,113.42,27.32,12.93,10.39
Myanmar,78.07,42.58,19.35,21.31
Comoros,137.36,0.00,19.25,1.72
India,67.02,42.50,17.57,23.84
Tajikistan,67.47,24.86,20.59,36.95
Gambia,83.02,21.68,27.86,12.04
Malta,64.57,24.93,36.84,14.33
Bermuda,53.98,80.75,0.00,0.00
Liechtenstein,26.87,81.32,10.80,9.50
American Samoa,127.50,0.00,0.00,0.00
Cook Islands,127.50,0.00,0.00,0.00
Samoa,127.50,0.00,0.00,0.00
Dominica,63.75,39.86,7.54,13.20
Malaysia,56.23,23.64,22.66,13.47
Laos,69.35,21.25,9.89,14.69
Maldives,68.00,0.00,29.34,17.51
Solomon Islands,89.25,0.00,0.00,20.98
Timor-Leste,28.33,67.79,0.00,10.32
Yemen,44.63,44.52,8.60,3.87
Tahiti,63.75,0.00,0.00,32.26
Seychelles,65.61,12.54,15.79,0.00
Bangladesh,37.32,34.00,5.42,16.34
Nepal,47.81,10.63,13.45,4.84
New Caledonia,21.25,0.00,0.00,52.40
Cambodia,37.70,35.42,0.00,0.00
Vanuatu,59.50,0.00,0.00,12.75
Fiji,59.50,0.00,0.00,8.50
Indonesia,0.00,35.19,21.26,8.05
Bhutan,0.00,63.75,0.00,0.00
Sri Lanka,25.50,12.14,7.74,12.90
Suriname,0.00,10.63,7.92,38.28
Chinese Taipei,18.21,22.68,9.13,6.45
Pakistan,0.00,25.42,12.90,15.59
Papua New Guinea,46.75,0.00,0.00,4.25
US Virgin Islands,0.00,43.99,0.00,0.00
Montserrat,0.00,10.63,19.80,13.20
Macau,8.50,31.96,0.00,1.23
Brunei Darussalam,0.00,26.56,0.00,10.32
Turks and Caicos Islands,0.00,33.00,0.00,0.00
Cayman Islands,0.00,21.25,0.00,0.00
San Marino,0.00,19.80,0.00,0.00
British Virgin Islands,0.00,10.63,0.00,5.28
Andorra,7.37,0.00,3.30,0.00
Mongolia,0.00,0.00,0.00,4.30
Anguilla,0.00,0.00,0.00,0.00
Bahamas,0.00,0.00,0.00,0.00
Djibouti,0.00,0.00,0.00,0.00
Eritrea,0.00,0.00,0.00,0.00
Somalia,0.00,0.00,0.00,0.00
Tonga,0.00,0.00,0.00,0.00
