Team,Ranking1,Ranking2,Ranking3,Ranking4
Belgium,764.94,424.52,201.43,114.70
Argentina,662.66,468.79,178.58,146.59
Spain,783.37,210.21,212.86,167.27
Germany,478.66,545.27,170.54,161.01
Chile,783.59,262.10,193.62,68.19
Brazil,584.70,398.02,211.64,59.89
Portugal,635.88,285.13,200.06,112.88
Colombia,459.85,402.99,198.25,154.20
England,595.78,261.66,134.03,120.15
Austria,641.95,274.35,138.16,40.95
Uruguay,532.30,292.93,199.53,57.71
Switzerland,490.21,261.83,202.80,115.18
Ecuador,594.08,196.02,104.45,144.35
Italy,442.43,259.76,167.73,129.47
Netherlands,308.22,442.14,167.36,79.72
Romania,465.23,312.74,115.16,97.29
Wales,622.99,216.61,102.02,42.17
Croatia,493.37,229.99,128.19,113.53
Hungary,628.32,145.90,92.62,84.06
Turkey,641.48,133.90,114.47,53.12
Bosnia and Herzegovina,506.77,173.34,153.28,84.01
Mexico,439.05,225.94,126.80,110.69
Russia,500.94,173.04,100.69,116.90
France,290.76,350.15,142.44,87.77
Czech Republic,368.28,298.29,107.50,86.95
Slovakia,409.04,319.26,89.72,39.50
Ukraine,387.14,202.17,190.41,65.07
Northern Ireland,510.05,218.78,73.18,31.49
Republic of Ireland,583.17,124.15,61.71,40.45
USA,360.49,152.99,208.75,69.66
Cape Verde Islands,395.96,181.07,159.39,52.95
Poland,435.41,227.90,66.67,59.27
Costa Rica,232.62,348.38,138.24,65.22
Sweden,462.48,116.72,113.06,76.77
Albania,400.53,196.96,89.78,66.32
Côte d'Ivoire,285.27,248.22,104.06,106.28
Algeria,251.07,273.25,145.68,72.55
Iceland,347.82,212.12,127.80,53.67
Greece,271.70,164.24,176.00,106.53
Denmark,310.70,190.27,146.36,58.43
Ghana,223.29,253.79,89.89,88.95
Peru,377.23,101.91,115.64,51.26
Paraguay,439.61,72.84,78.30,51.19
IR Iran,275.78,161.65,138.03,51.07
Scotland,247.61,182.65,145.41,41.56
Finland,369.70,99.14,104.58,41.84
Tunisia,172.04,264.23,106.50,66.45
Senegal,229.89,242.61,84.71,46.27
Trinidad and Tobago,321.02,159.91,59.15,58.39
Serbia,296.07,110.26,139.98,49.26
Norway,344.69,126.97,50.64,71.45
Jamaica,373.94,121.63,38.33,59.19
Egypt,276.80,111.33,157.99,43.17
Slovenia,251.90,133.19,158.72,33.26
Panama,291.86,86.28,128.40,69.65
Japan,263.60,163.51,61.52,86.52
Korea Republic,282.46,171.78,67.68,43.82
Congo DR,233.47,220.59,49.91,61.03
Congo,251.76,210.12,58.59,43.46
Saudi Arabia,384.56,61.29,89.12,27.41
Cameroon,219.41,162.14,127.15,42.17
Nigeria,186.39,175.82,82.67,101.93
Guinea,206.39,198.61,87.61,47.84
United Arab Emirates,236.30,122.73,113.33,45.05
Belarus,346.89,69.59,48.29,52.26
Haiti,296.31,111.03,40.33,69.08
Uganda,271.18,128.91,57.28,49.01
Australia,253.52,136.19,77.76,38.38
Israel,120.57,249.71,99.30,36.06
Bulgaria,226.29,125.44,65.54,82.66
South Africa,204.80,163.46,83.94,47.54
Bolivia,288.97,44.42,64.45,100.78
Mali,194.37,147.30,46.81,101.78
Uzbekistan,239.19,101.24,86.30,57.58
Venezuela,232.20,49.75,133.84,64.11
Equatorial Guinea,179.09,242.30,20.38,37.15
Benin,259.68,95.72,49.54,58.65
Zambia,202.95,151.16,37.86,64.59
Cyprus,251.21,130.73,42.62,17.57
Qatar,292.40,70.81,45.20,32.58
Morocco,245.26,74.53,60.86,43.13
Jordan,234.41,51.44,93.10,34.70
Gabon,135.94,191.02,50.41,34.96
Montenegro,116.94,134.18,62.76,94.70
Rwanda,168.10,189.77,20.29,18.52
Burkina Faso,112.36,121.31,86.47,72.10
Canada,262.49,55.97,13.11,53.10
Estonia,211.02,98.18,45.45,21.55
Honduras,129.51,45.06,134.71,65.80
Antigua and Barbuda,218.88,132.95,0.00,20.82
Iraq,204.28,115.08,20.28,31.23
Botswana,206.91,81.86,65.15,16.37
Faroe Islands,216.56,135.14,5.67,0.00
Korea DPR,283.58,21.06,4.95,46.09
Guatemala,160.12,150.45,3.75,39.19
China PR,158.99,122.49,56.81,12.48
Oman,160.69,73.01,76.60,31.26
Latvia,180.24,97.55,43.53,19.31
El Salvador,168.24,74.36,66.79,31.03
Mozambique,152.82,121.73,29.57,32.85
Togo,95.09,128.56,43.73,65.51
Liberia,205.86,38.06,60.45,28.33
Kenya,204.73,53.29,49.11,23.84
Malawi,149.87,115.37,36.64,27.23
Kyrgyz Republic,246.80,33.48,44.06,0.00
Mauritania,185.44,92.05,23.82,18.37
Libya,188.79,14.84,69.42,45.87
Niger,175.65,55.61,32.54,48.56
Angola,121.72,100.55,48.90,34.80
Central African Republic,203.15,10.75,0.00,88.51
Nicaragua,289.43,0.00,0.00,12.13
Azerbaijan,184.70,21.30,67.77,25.90
Turkmenistan,207.98,32.25,19.35,38.82
Aruba,193.80,83.40,0.00,21.00
Sierra Leone,116.52,60.25,59.47,60.69
Armenia,73.43,43.44,156.19,23.24
Palestine,190.28,70.72,6.45,22.76
Thailand,201.03,50.68,16.25,20.44
Belize,248.63,0.00,12.83,24.46
Ethiopia,116.96,78.02,50.05,40.00
St Kitts and Nevis,164.67,94.14,0.00,24.82
Georgia,175.62,41.56,18.96,46.54
Syria,208.79,25.50,25.71,19.07
Swaziland,226.88,39.80,3.61,6.88
Tanzania,116.58,92.43,36.50,30.97
Kazakhstan,180.86,44.39,30.34,20.23
Chad,219.94,54.61,0.00,0.00
Lithuania,94.05,103.71,56.03,19.86
Burundi,163.70,60.99,21.67,26.77
Madagascar,198.23,73.53,0.00,0.00
Zimbabwe,142.23,42.88,42.41,43.06
Bahrain,113.65,81.26,55.09,19.39
Kuwait,157.73,43.45,42.23,21.68
Namibia,125.22,81.13,29.33,29.40
Philippines,149.55,55.63,35.37,22.80
Sudan,124.31,86.59,31.25,20.93
Cuba,100.16,65.77,33.26,63.47
FYR Macedonia,82.11,56.20,53.20,65.45
Hong Kong,187.77,21.41,29.35,14.79
South Sudan,223.13,18.49,0.00,3.96
St Vincent and the Grenadines,95.59,102.83,10.56,33.88
Luxembourg,127.22,52.42,45.98,7.56
Barbados,126.97,71.83,0.00,28.65
St Lucia,109.08,58.33,20.43,28.25
Lebanon,114.82,44.22,34.69,20.84
Vietnam,121.13,61.32,14.24,13.22
Guinea-Bissau,104.90,102.30,0.00,0.00
Singapore,130.69,28.20,26.51,12.85
New Zealand,63.58,21.06,55.62,55.92
Tajikistan,88.83,32.87,47.21,24.05
Curaçao,136.71,47.60,7.92,0.00
Afghanistan,94.11,42.57,41.93,12.90
Lesotho,65.57,72.18,36.55,11.49
Myanmar,77.78,48.43,25.80,16.98
Guam,105.54,27.39,29.67,6.02
Guyana,134.98,15.47,0.00,14.66
Moldova,30.50,54.09,57.90,22.40
Maldives,50.09,76.54,15.52,19.01
Dominican Republic,0.00,76.04,23.60,50.29
India,99.71,4.30,24.20,14.03
Malta,59.07,29.08,32.75,18.43
Grenada,66.47,29.55,20.43,22.18
Liechtenstein,42.08,70.71,19.67,4.29
Gambia,95.52,0.00,27.86,12.04
Bermuda,134.67,0.00,0.00,0.00
Malaysia,58.73,35.22,23.79,10.77
American Samoa,127.50,0.00,0.00,0.00
Cook Islands,127.50,0.00,0.00,0.00
Samoa,127.50,0.00,0.00,0.00
Puerto Rico,76.33,22.95,0.00,27.90
Timor-Leste,99.17,17.60,0.00,10.32
Mauritius,101.15,0.00,12.18,6.88
Comoros,85.64,32.08,0.00,1.72
São Tomé e Príncipe,117.30,0.00,0.00,0.00
Yemen,82.66,25.52,0.00,4.17
Dominica,76.39,8.85,10.56,13.20
Bangladesh,39.98,34.05,22.19,3.44
Laos,26.47,24.42,28.38,9.03
Indonesia,25.50,32.54,21.36,8.86
US Virgin Islands,87.98,0.00,0.00,0.00
Chinese Taipei,55.78,3.68,15.58,5.38
New Caledonia,0.00,0.00,23.72,56.53
Cambodia,57.86,21.25,0.00,0.00
Brunei Darussalam,63.75,0.00,0.00,10.32
Nepal,49.58,0.00,18.06,1.91
Fiji,59.50,0.00,0.00,8.50
Montserrat,21.25,33.00,0.00,13.20
Pakistan,21.25,14.79,18.71,12.04
Sri Lanka,18.21,17.00,27.09,0.00
Suriname,0.00,10.63,7.92,38.28
Seychelles,27.92,12.75,15.79,0.00
Tahiti,0.00,0.00,20.27,35.42
Bhutan,49.04,0.00,0.00,0.00
Vanuatu,34.00,0.00,0.00,12.75
Macau,21.25,21.34,0.00,1.72
Cayman Islands,42.50,0.00,0.00,0.00
Turks and Caicos Islands,0.00,33.00,0.00,0.00
San Marino,0.00,27.72,0.00,0.00
British Virgin Islands,21.25,0.00,0.00,5.28
Solomon Islands,0.00,0.00,0.00,25.64
Andorra,0.00,0.00,3.30,2.28
Mongolia,0.00,0.00,0.00,4.30
Papua New Guinea,0.00,0.00,0.00,4.25
Anguilla,0.00,0.00,0.00,0.00
Bahamas,0.00,0.00,0.00,0.00
Djibouti,0.00,0.00,0.00,0.00
Eritrea,0.00,0.00,0.00,0.00
Somalia,0.00,0.00,0.00,0.00
Tonga,0.00,0.00,0.00,0.00
