Team,Ranking1,Ranking2,Ranking3,Ranking4
Argentina,599.70,529.35,195.03,117.72
Belgium,530.35,457.59,224.58,56.05
Germany,357.08,584.79,153.35,152.82
Colombia,442.63,454.35,229.23,97.33
Brazil,558.94,388.21,182.89,78.75
Portugal,600.93,316.52,133.45,135.06
Romania,786.91,196.22,137.51,55.11
Chile,579.37,351.35,124.14,93.94
Wales,817.58,143.96,98.89,85.16
England,705.38,204.20,101.67,131.58
Spain,481.99,261.29,210.01,168.37
Netherlands,308.58,504.47,193.89,47.04
Austria,698.57,181.58,86.75,71.34
Croatia,546.05,204.95,173.67,112.68
Slovakia,737.88,179.88,56.73,38.86
Italy,469.01,252.53,163.25,127.27
Switzerland,367.14,376.62,178.06,89.63
Uruguay,340.67,427.25,113.07,120.72
Algeria,484.60,280.65,113.43,76.30
Czech Republic,593.07,124.62,110.48,111.99
Côte d'Ivoire,492.15,196.39,144.25,91.12
Denmark,474.54,222.75,88.22,115.25
Iceland,571.49,174.80,116.50,30.86
France,288.09,406.15,108.20,90.74
Albania,664.86,35.50,148.70,28.53
Mexico,375.76,248.99,140.34,82.81
Ghana,488.33,133.97,133.77,70.70
USA,336.44,231.36,195.22,59.55
Ukraine,323.14,273.17,151.50,64.66
Bosnia and Herzegovina,348.60,219.51,176.97,65.53
Scotland,389.89,244.81,79.25,74.85
Russia,322.79,211.27,143.09,103.09
Tunisia,454.98,159.34,88.71,71.29
Ecuador,265.93,213.13,161.08,124.03
Poland,524.06,98.18,80.40,61.45
Sweden,404.51,157.50,100.96,93.31
Hungary,432.75,127.78,118.64,60.97
Senegal,501.93,134.08,50.79,47.29
Costa Rica,210.80,345.07,136.32,38.50
IR Iran,437.18,127.78,94.14,57.03
Northern Ireland,556.12,25.34,100.89,4.27
Congo,450.08,105.62,48.78,67.03
Cameroon,407.09,134.46,82.71,46.53
Greece,110.20,288.16,160.63,97.59
Slovenia,312.78,203.19,66.24,70.92
Israel,419.51,103.53,93.86,18.23
Turkey,285.17,227.75,63.11,58.70
Peru,379.19,57.74,148.57,42.55
Egypt,278.38,217.26,71.43,51.48
Venezuela,262.14,173.25,120.46,56.65
Republic of Ireland,393.74,56.49,76.72,77.77
Jamaica,433.57,60.98,67.62,39.48
Nigeria,259.01,168.61,130.46,40.92
Trinidad and Tobago,398.30,76.53,77.84,41.25
Paraguay,308.03,145.18,75.70,62.97
Cape Verde Islands,399.86,7.44,131.16,50.31
Korea Republic,339.54,97.39,59.77,76.96
Japan,294.57,130.93,79.22,64.79
Panama,300.30,60.74,126.37,63.29
Mali,278.09,55.90,109.83,106.47
Australia,364.41,40.13,76.08,67.02
Equatorial Guinea,396.56,39.35,57.92,52.41
Gabon,362.88,46.33,55.53,70.68
Guinea,320.12,78.17,82.77,53.97
Congo DR,377.55,33.80,79.03,39.06
Serbia,168.42,226.89,98.82,34.12
Bolivia,282.80,87.25,95.47,55.06
Bulgaria,277.91,77.80,118.76,28.06
Norway,270.44,72.07,113.23,40.03
United Arab Emirates,251.15,123.39,83.37,25.67
Uganda,289.07,72.44,79.82,36.20
South Africa,266.31,90.02,83.34,28.88
Burkina Faso,229.53,107.31,119.52,11.37
Zambia,268.71,45.58,61.44,88.57
Faroe Islands,441.79,17.00,0.00,0.00
Uzbekistan,184.85,108.74,103.53,56.17
Montenegro,181.74,81.81,128.61,37.63
Rwanda,253.56,104.38,30.24,38.02
Togo,212.97,72.89,84.93,47.16
Estonia,246.33,63.55,35.48,59.83
Honduras,105.46,143.15,124.25,30.94
Iraq,203.45,102.22,33.19,60.47
Armenia,58.69,199.13,70.08,66.02
China PR,242.15,74.85,36.58,39.76
Morocco,210.09,65.88,72.44,42.81
Cyprus,298.06,41.88,40.50,5.83
Haiti,245.61,0.00,79.93,59.84
Angola,165.94,115.63,42.78,56.76
Sudan,255.00,65.97,30.45,25.71
Latvia,210.19,97.31,23.13,34.90
Jordan,102.61,125.09,83.60,44.43
Finland,103.95,110.78,106.34,30.01
Saudi Arabia,160.94,111.40,47.67,29.53
Qatar,173.25,93.47,38.51,42.19
Mozambique,193.60,71.07,45.80,29.67
Malawi,196.99,79.53,24.56,35.07
Belarus,176.85,59.21,67.84,31.57
Libya,112.37,76.56,65.40,79.13
Guatemala,194.42,32.13,57.44,48.80
Oman,102.38,125.27,59.20,42.48
Niger,172.93,69.82,45.41,38.21
Canada,193.85,18.42,51.58,55.57
Ethiopia,168.30,46.14,58.25,40.32
FYR Macedonia,95.18,94.51,76.50,39.00
Antigua and Barbuda,232.51,0.00,34.23,37.47
Sierra Leone,37.31,140.02,53.74,72.62
El Salvador,172.43,18.87,60.02,48.41
Zimbabwe,135.76,92.88,40.95,28.90
Lithuania,155.82,91.53,42.19,4.37
Azerbaijan,93.12,127.95,37.95,32.30
Namibia,140.17,69.80,31.73,42.79
Bahrain,131.81,75.96,41.96,30.86
Cuba,169.15,13.05,93.48,3.99
Mauritania,163.20,62.77,47.06,0.00
Benin,63.75,132.81,22.83,49.14
Kenya,108.01,85.03,36.95,38.50
St Vincent and the Grenadines,153.46,36.61,46.53,31.58
Botswana,80.72,117.40,51.26,16.84
Palestine,73.23,135.81,26.41,20.72
St Kitts and Nevis,199.33,0.00,19.80,36.96
Madagascar,167.09,73.53,0.00,10.75
Syria,182.39,26.88,36.74,5.16
Dominican Republic,118.29,0.00,80.75,48.49
Moldova,82.50,106.95,39.50,15.85
Philippines,123.61,58.31,35.74,23.44
Korea DPR,138.76,0.00,37.11,61.28
Kuwait,100.38,65.22,36.26,33.28
Lesotho,69.79,117.33,24.27,16.09
Belize,183.36,0.00,24.76,19.01
Afghanistan,97.75,49.28,60.63,17.92
St Lucia,116.52,43.82,54.89,6.78
Bermuda,153.91,0.00,0.00,66.53
Lebanon,70.66,57.87,45.25,45.62
Burundi,105.40,39.10,41.72,31.57
Swaziland,155.82,48.72,8.14,0.00
New Zealand,19.04,32.64,118.31,38.78
Thailand,134.25,7.91,32.19,26.88
Aruba,86.70,83.40,12.80,17.95
Nicaragua,159.38,0.00,14.92,24.11
Tanzania,50.54,76.09,40.99,26.90
Luxembourg,44.06,73.89,29.99,45.65
Guinea-Bissau,81.26,102.30,0.00,7.60
Gambia,120.96,46.44,0.00,21.43
Barbados,144.50,0.00,39.60,1.61
Kazakhstan,76.89,58.49,29.25,19.10
Guam,129.63,32.13,14.84,5.16
Georgia,23.34,78.44,45.29,33.07
Curaçao,144.03,13.20,0.00,20.87
Turkmenistan,67.58,32.25,36.38,35.83
Liechtenstein,147.40,0.00,17.70,6.00
Hong Kong,104.55,12.90,35.62,15.97
Vietnam,77.86,60.63,14.07,13.73
Puerto Rico,101.86,0.00,38.81,25.36
Guyana,103.70,0.00,31.75,29.09
Kyrgyz Republic,63.75,31.83,64.24,0.00
India,85.00,28.44,33.17,13.00
Singapore,91.25,39.10,22.09,7.01
Grenada,64.35,18.92,53.70,18.19
Tajikistan,55.42,32.87,53.28,13.12
Liberia,26.35,38.06,55.43,34.40
Malta,73.10,12.50,36.15,32.12
Myanmar,80.23,32.25,29.51,0.00
Timor-Leste,114.96,0.00,15.48,0.00
Bhutan,127.50,0.00,0.00,0.00
Indonesia,67.43,36.41,13.78,3.78
New Caledonia,0.00,0.00,83.19,36.83
Suriname,21.25,13.20,68.90,16.64
Central African Republic,0.00,10.75,44.51,63.21
Malaysia,50.89,33.56,19.35,10.79
Pakistan,50.83,30.10,18.71,5.68
Chad,0.00,54.61,0.00,45.51
Dominica,65.22,12.57,19.80,0.00
Bangladesh,64.02,9.03,20.42,1.72
Laos,51.82,19.78,20.34,0.00
Yemen,64.75,14.33,0.00,10.84
US Virgin Islands,87.98,0.00,0.00,0.00
Maldives,0.00,47.34,18.06,16.74
Montserrat,21.25,33.00,19.80,0.00
Chinese Taipei,40.33,15.22,9.68,6.88
Cambodia,66.05,0.00,0.00,0.00
Fiji,51.00,0.00,0.00,13.36
Tahiti,0.00,0.00,11.26,49.83
Brunei Darussalam,45.54,0.00,15.48,0.00
Sri Lanka,8.50,25.65,19.35,5.16
Mauritius,37.08,0.00,18.75,0.00
Nepal,21.25,15.41,13.97,5.07
Macau,29.92,17.00,2.15,0.00
Cayman Islands,42.50,0.00,0.00,6.34
Solomon Islands,0.00,0.00,25.82,22.89
Comoros,13.77,32.08,2.58,0.00
São Tomé e Príncipe,0.00,0.00,0.00,48.02
Seychelles,10.44,32.56,0.00,0.00
San Marino,39.60,0.00,0.00,0.00
Turks and Caicos Islands,0.00,33.00,0.00,0.00
British Virgin Islands,21.25,0.00,0.00,5.28
Samoa,0.00,0.00,0.00,24.79
Vanuatu,0.00,0.00,0.00,22.98
South Sudan,0.00,18.49,0.00,3.96
Tonga,0.00,0.00,0.00,17.00
American Samoa,0.00,0.00,0.00,17.00
Eritrea,0.00,0.00,0.00,7.57
Mongolia,0.00,0.00,6.45,0.00
Andorra,0.00,0.00,2.89,3.03
Somalia,0.00,0.00,0.00,5.59
Djibouti,0.00,0.00,0.00,4.30
Cook Islands,0.00,0.00,0.00,4.25
Papua New Guinea,0.00,0.00,0.00,4.25
Anguilla,0.00,0.00,0.00,0.00
Bahamas,0.00,0.00,0.00,0.00
