Team,Ranking1,Ranking2,Ranking3,Ranking4
Belgium,764.94,424.52,195.88,108.43
Argentina,662.66,468.79,177.27,146.75
Spain,783.37,210.21,209.91,166.14
Germany,478.66,545.27,170.05,153.17
Chile,763.35,261.87,188.15,59.64
Brazil,584.70,398.02,200.50,68.24
Portugal,635.88,285.13,183.39,114.73
Colombia,459.85,402.99,189.69,158.85
England,595.78,261.66,136.51,111.75
Austria,641.95,274.35,124.35,50.03
Uruguay,532.30,292.93,187.79,60.67
Switzerland,490.21,261.83,186.57,110.98
Ecuador,594.08,196.02,109.78,139.82
Netherlands,308.22,442.14,158.31,85.71
Italy,442.43,259.76,161.61,126.73
Romania,465.23,312.74,117.17,85.34
Wales,622.99,216.61,103.88,30.86
Croatia,493.37,229.99,129.08,105.11
Côte d'Ivoire,531.11,182.26,129.59,107.11
Hungary,628.32,145.90,86.83,83.49
Turkey,641.48,133.90,104.93,53.12
Bosnia and Herzegovina,506.77,173.34,151.55,66.43
Mexico,440.96,223.93,122.53,110.19
Russia,500.94,173.04,100.61,120.85
France,290.76,350.15,130.57,96.26
Slovakia,409.04,319.26,80.75,51.17
Czech Republic,368.28,298.29,111.15,82.33
Algeria,366.92,265.24,114.17,99.04
Ukraine,387.14,202.17,187.75,64.52
Northern Ireland,510.05,218.78,66.06,29.94
Republic of Ireland,583.17,124.15,66.56,35.70
USA,341.68,163.65,196.23,82.89
Ghana,406.57,155.08,136.19,79.74
Poland,435.41,218.09,57.81,64.70
Sweden,463.59,119.31,104.10,84.19
Iceland,366.76,217.70,127.80,48.30
Costa Rica,248.13,304.83,153.30,52.89
Albania,400.53,196.96,89.78,58.95
Cape Verde Islands,397.61,172.89,130.50,44.04
Tunisia,267.41,275.00,100.91,67.22
Greece,271.70,164.24,164.01,106.13
Denmark,310.70,190.27,125.44,58.92
Finland,422.52,94.86,101.21,44.83
Senegal,313.07,233.24,84.71,29.70
IR Iran,386.41,106.89,106.89,53.15
Paraguay,439.61,72.84,79.38,55.45
Peru,377.23,101.91,115.64,49.22
Congo,359.94,152.60,67.01,58.07
Trinidad and Tobago,350.20,159.91,63.36,54.56
Guinea,258.64,221.25,81.11,59.68
Korea Republic,393.37,94.02,67.93,61.62
Scotland,247.61,182.65,141.40,37.11
Japan,344.68,120.26,62.51,79.36
Norway,344.69,118.81,52.60,74.72
Jamaica,373.94,116.57,41.73,58.45
Serbia,296.07,110.26,132.19,51.02
Australia,438.30,23.75,62.63,60.48
Egypt,310.19,111.33,114.90,48.41
Cameroon,244.40,175.71,116.56,46.39
Congo DR,299.13,160.66,77.04,43.39
Slovenia,251.90,133.19,142.84,37.06
Mali,229.27,118.93,88.13,115.25
Uganda,327.44,112.47,60.95,48.89
Panama,269.73,94.90,123.33,55.98
United Arab Emirates,327.95,71.15,95.03,48.49
Nigeria,202.38,154.85,129.01,54.61
Belarus,346.89,69.59,48.45,49.51
Bolivia,288.97,44.42,71.71,95.28
Israel,120.57,249.71,99.87,28.32
Equatorial Guinea,364.38,39.35,20.38,74.04
Bulgaria,226.29,125.44,65.54,77.10
South Africa,204.54,158.18,98.54,25.61
Zambia,200.15,137.25,45.91,97.53
Uzbekistan,248.60,80.83,81.39,59.51
Morocco,280.59,70.59,74.63,43.61
Gabon,194.38,145.96,52.56,74.80
Haiti,222.98,111.03,55.20,78.14
Benin,259.68,95.72,41.28,64.07
Cyprus,251.21,130.73,36.54,22.57
Saudi Arabia,279.50,65.78,67.15,19.78
Libya,209.76,83.34,68.72,64.98
Antigua and Barbuda,218.88,132.95,47.92,9.01
Venezuela,231.84,0.00,133.84,42.74
China PR,246.37,74.09,48.70,36.01
Montenegro,116.94,134.18,62.76,89.49
Qatar,239.31,85.90,42.05,33.70
Jordan,209.99,61.38,92.12,35.12
Canada,254.71,63.00,14.71,55.64
Burkina Faso,112.33,121.96,118.48,28.72
Iraq,235.50,82.25,29.73,33.30
Cuba,150.24,65.77,143.97,17.28
Nicaragua,334.05,0.00,14.92,20.56
Estonia,191.84,107.11,41.96,27.89
Guatemala,152.26,150.45,16.04,49.74
Botswana,206.91,81.86,60.13,15.08
Togo,95.09,128.56,82.70,56.84
Faroe Islands,216.56,135.14,5.67,0.00
Kenya,204.73,66.92,45.68,27.29
El Salvador,181.18,74.36,63.13,25.05
Niger,211.88,55.61,27.68,43.45
Rwanda,140.86,150.39,19.68,27.23
Latvia,180.24,97.55,39.57,20.69
Honduras,101.94,51.07,131.82,52.77
Oman,166.80,69.79,61.59,34.52
Korea DPR,226.87,27.08,29.05,47.23
Angola,134.73,100.55,45.39,48.87
Liberia,205.86,38.06,50.37,35.13
Kyrgyz Republic,246.80,33.48,44.06,0.00
Malawi,149.87,115.37,29.97,27.23
Zimbabwe,176.61,74.46,34.86,32.40
Mozambique,152.82,97.39,36.56,29.90
Burundi,191.71,48.04,27.52,40.12
Central African Republic,203.15,10.75,0.00,88.51
Chad,219.94,54.61,0.00,26.32
Aruba,193.80,83.40,0.00,21.00
Mauritania,185.44,58.58,43.86,9.18
Azerbaijan,184.70,21.30,65.70,23.86
Sierra Leone,116.52,60.25,66.64,51.29
Turkmenistan,207.98,32.25,19.35,33.97
Ethiopia,136.07,46.97,62.03,48.06
St Kitts and Nevis,169.98,94.14,0.00,24.82
Georgia,175.62,41.56,18.96,49.87
Armenia,73.43,43.44,140.57,27.58
Bahrain,158.43,50.83,48.52,20.22
Syria,208.79,25.50,34.50,6.95
Lithuania,94.05,103.71,56.03,19.86
Belize,248.63,0.00,24.76,0.00
Madagascar,198.23,73.53,0.00,0.00
Kazakhstan,169.46,45.05,34.17,17.66
Namibia,125.22,81.13,29.33,29.92
Swaziland,209.43,45.49,3.10,6.88
Tanzania,116.58,83.84,36.74,26.94
Thailand,172.24,52.76,17.16,21.16
Sudan,124.31,82.27,25.55,26.86
Palestine,118.29,90.64,29.48,20.43
FYR Macedonia,82.11,56.20,58.01,60.92
Hong Kong,187.77,21.41,30.77,12.29
South Sudan,223.13,18.49,0.00,3.96
Kuwait,122.21,46.74,49.35,21.14
Philippines,124.40,58.59,32.46,23.84
Lebanon,135.70,49.09,32.04,22.33
Luxembourg,127.22,52.42,45.14,11.86
St Vincent and the Grenadines,95.59,89.75,0.00,35.98
St Lucia,109.08,58.33,20.43,28.25
Barbados,117.58,67.58,0.00,28.65
Guinea-Bissau,104.90,102.30,0.00,0.00
Vietnam,104.73,68.68,11.87,14.32
Tajikistan,88.83,32.87,47.21,26.77
Singapore,130.69,25.85,26.68,11.65
Afghanistan,80.75,47.30,48.02,17.92
Curaçao,136.71,47.60,7.92,0.00
New Zealand,63.58,21.06,55.62,51.62
Lesotho,65.57,72.18,36.55,10.31
Dominican Republic,0.00,76.04,54.89,49.54
Moldova,33.83,42.56,69.48,25.73
São Tomé e Príncipe,117.30,0.00,0.00,52.29
Guam,105.54,27.39,20.16,8.60
Myanmar,47.94,48.43,45.15,13.16
Bermuda,153.91,0.00,0.00,0.00
Maldives,39.84,76.54,18.09,15.62
Guyana,119.17,10.63,0.00,14.12
Malta,59.07,29.08,32.54,22.03
Grenada,66.47,29.55,20.43,22.18
Gambia,95.52,0.00,27.86,12.04
Liechtenstein,42.08,70.71,17.70,4.29
India,87.36,4.30,28.23,12.40
Cook Islands,127.50,0.00,0.00,0.00
American Samoa,127.50,0.00,0.00,0.00
Samoa,127.50,0.00,0.00,0.00
Malaysia,63.47,33.77,17.84,12.31
Timor-Leste,99.17,17.60,0.00,10.32
Comoros,85.64,32.08,2.58,0.00
Puerto Rico,76.33,22.95,0.00,20.92
Yemen,82.66,25.52,0.00,10.84
Mauritius,101.15,0.00,12.30,5.16
Dominica,76.39,9.39,7.92,13.20
US Virgin Islands,87.98,0.00,0.00,0.00
Laos,26.47,24.42,29.03,7.64
Indonesia,25.50,32.54,16.61,9.84
Cambodia,61.99,21.25,0.00,0.00
New Caledonia,0.00,0.00,23.72,56.53
Bangladesh,31.10,21.30,22.19,3.44
Chinese Taipei,55.78,3.68,11.35,6.88
Pakistan,50.83,0.00,21.33,3.68
Brunei Darussalam,63.75,0.00,0.00,10.32
Fiji,59.50,0.00,0.00,8.50
Montserrat,21.25,33.00,0.00,13.20
Bhutan,63.75,0.00,0.00,0.00
Seychelles,27.92,12.75,15.79,0.00
Tahiti,0.00,0.00,20.27,35.42
Suriname,0.00,10.63,7.92,36.66
Nepal,29.75,0.00,14.05,5.57
Vanuatu,34.00,0.00,0.00,12.75
Sri Lanka,0.00,17.00,22.58,5.16
Macau,21.25,21.34,0.00,1.72
Cayman Islands,42.50,0.00,0.00,0.00
Turks and Caicos Islands,0.00,33.00,0.00,0.00
San Marino,0.00,27.72,0.00,0.00
British Virgin Islands,21.25,0.00,0.00,5.28
Solomon Islands,0.00,0.00,0.00,25.64
Mongolia,0.00,0.00,6.45,0.00
Andorra,0.00,0.00,3.30,2.28
Papua New Guinea,0.00,0.00,0.00,4.25
Anguilla,0.00,0.00,0.00,0.00
Bahamas,0.00,0.00,0.00,0.00
Djibouti,0.00,0.00,0.00,0.00
Somalia,0.00,0.00,0.00,0.00
Eritrea,0.00,0.00,0.00,0.00
Tonga,0.00,0.00,0.00,0.00
