Team,Ranking1,Ranking2,Ranking3,Ranking4
Belgium,764.94,424.52,195.88,108.43
Argentina,662.66,468.79,177.27,146.75
Spain,783.37,210.21,209.91,166.14
Germany,478.66,545.27,170.05,153.17
Chile,783.59,262.10,188.52,58.46
Brazil,584.70,398.02,200.50,68.24
Portugal,635.88,285.13,183.39,114.73
Colombia,459.85,402.99,189.69,158.85
England,595.78,261.66,136.51,111.75
Austria,641.95,274.35,124.35,50.03
Uruguay,532.30,292.93,187.79,60.67
Switzerland,490.21,261.83,186.57,110.98
Ecuador,594.08,196.02,109.78,139.82
Netherlands,308.22,442.14,158.31,85.71
Italy,442.43,259.76,161.61,126.73
Romania,465.23,312.74,117.17,91.48
Wales,622.99,216.61,103.88,30.86
Croatia,493.37,229.99,129.08,105.11
Hungary,628.32,145.90,86.83,83.49
Turkey,641.48,133.90,104.93,53.12
Bosnia and Herzegovina,506.77,173.34,151.55,73.81
Mexico,440.96,225.94,125.36,105.49
Russia,500.94,173.04,100.61,120.85
France,290.76,350.15,130.57,96.26
Slovakia,409.04,319.26,80.75,51.17
Czech Republic,368.28,298.29,111.15,82.33
Ukraine,387.14,202.17,187.75,64.52
Côte d'Ivoire,397.47,223.68,104.06,102.61
Northern Ireland,510.05,218.78,66.06,29.94
Republic of Ireland,583.17,124.15,66.56,35.70
Costa Rica,248.13,348.38,136.21,66.41
USA,364.31,150.86,199.67,77.99
Cape Verde Islands,395.96,181.07,159.39,53.91
Poland,435.41,227.90,61.91,62.04
Sweden,462.48,116.72,105.52,86.32
Albania,400.53,196.96,89.78,58.95
Algeria,251.07,273.25,145.68,75.64
Iceland,347.82,212.12,116.18,48.30
Greece,271.70,164.24,164.01,106.13
Denmark,310.70,190.27,133.05,58.43
Ghana,264.58,252.20,84.55,90.10
Paraguay,439.61,72.84,79.38,60.49
Peru,377.23,101.91,115.64,49.22
IR Iran,275.78,171.06,133.52,45.62
Senegal,250.79,242.61,84.71,42.63
Scotland,247.61,182.65,141.40,37.11
Finland,369.70,99.14,95.07,41.84
Tunisia,172.04,264.23,106.50,60.46
Trinidad and Tobago,321.02,159.91,59.15,58.36
Norway,344.69,126.97,46.74,78.29
Jamaica,373.94,116.57,45.21,54.55
Serbia,296.07,110.26,132.19,51.02
Korea Republic,282.46,171.78,63.92,61.62
Congo,251.76,210.12,58.59,58.07
Saudi Arabia,384.56,61.29,107.90,16.91
Egypt,274.98,111.33,140.44,43.80
Congo DR,224.87,241.69,49.91,54.02
Japan,263.60,163.51,62.51,79.36
Slovenia,251.90,133.19,142.84,37.06
Panama,277.41,94.90,125.90,65.96
Guinea,227.19,198.61,87.61,45.84
Cameroon,219.41,162.14,116.56,49.33
Nigeria,186.39,175.82,102.34,77.95
Equatorial Guinea,179.81,292.68,20.38,37.15
Haiti,296.31,111.03,35.85,76.76
United Arab Emirates,236.30,122.73,115.13,45.56
Belarus,346.89,69.59,48.45,49.51
Australia,253.52,136.19,71.28,49.40
Mali,191.25,147.30,68.98,102.75
Uganda,271.18,128.91,55.00,48.29
Uzbekistan,248.77,101.24,81.39,70.32
Bolivia,288.97,44.42,71.71,95.28
Israel,120.57,249.71,99.87,28.32
South Africa,204.80,163.46,83.94,45.99
Bulgaria,226.29,125.44,65.54,77.10
Zambia,202.95,151.16,37.86,90.41
Benin,259.68,95.72,49.54,53.39
Qatar,292.40,70.81,47.78,32.67
Cyprus,251.21,130.73,36.54,22.57
Morocco,245.26,74.53,60.86,44.46
Venezuela,231.84,0.00,133.84,56.99
Jordan,234.41,60.13,93.01,30.15
Gabon,135.94,191.02,50.41,38.23
Montenegro,116.94,134.18,62.76,89.49
Burkina Faso,124.85,121.31,91.83,64.42
Rwanda,168.10,189.77,21.04,23.12
Canada,284.36,55.97,13.11,48.27
Estonia,211.02,98.18,41.96,27.89
Iraq,204.28,112.91,23.91,31.33
Antigua and Barbuda,218.88,132.95,0.00,19.22
Honduras,121.89,51.07,146.15,50.67
Botswana,206.91,81.86,60.13,17.86
China PR,158.99,122.49,52.44,31.51
Faroe Islands,216.56,135.14,5.67,0.00
Korea DPR,283.58,18.96,4.95,42.12
Guatemala,152.26,150.45,3.75,40.08
Oman,160.69,73.01,79.97,31.36
El Salvador,181.18,74.36,57.25,31.03
Kenya,204.73,53.29,54.44,26.27
Latvia,180.24,97.55,39.57,20.69
Liberia,205.86,38.06,60.45,32.21
Mozambique,152.82,121.73,29.57,29.56
Togo,95.09,128.56,43.73,61.14
Malawi,149.87,115.37,36.64,25.13
Kyrgyz Republic,246.80,33.48,44.06,0.00
Libya,188.79,14.84,65.57,55.04
Mauritania,185.44,92.05,23.82,18.37
Nicaragua,289.43,0.00,0.00,21.79
Niger,175.65,55.61,32.54,44.14
Palestine,190.28,70.72,27.95,18.54
Angola,121.72,100.55,48.90,34.80
Central African Republic,203.15,10.75,0.00,88.51
Chad,219.94,54.61,0.00,26.32
Turkmenistan,207.98,32.25,19.35,38.82
Aruba,193.80,83.40,0.00,21.00
Azerbaijan,184.70,21.30,65.70,23.86
Sierra Leone,116.52,60.25,59.47,53.95
St Kitts and Nevis,169.98,94.14,0.00,24.82
Burundi,163.70,60.99,21.67,41.56
Thailand,201.03,50.68,13.55,20.88
Georgia,175.62,41.56,18.96,49.87
Belize,248.63,0.00,12.83,24.46
Armenia,73.43,43.44,140.57,27.58
Ethiopia,116.96,78.02,50.05,39.22
Syria,208.79,25.50,22.49,21.19
Tanzania,116.58,92.43,40.93,27.62
Swaziland,226.88,39.80,3.61,6.88
Lithuania,94.05,103.71,56.03,19.86
Madagascar,198.23,73.53,0.00,0.00
Bahrain,109.27,81.26,58.57,19.65
Zimbabwe,142.23,42.88,43.16,38.16
Kazakhstan,169.46,45.05,34.17,17.66
Kuwait,157.73,40.90,50.23,16.34
Namibia,125.22,81.13,29.33,28.37
Philippines,149.55,53.92,38.24,21.98
Sudan,124.31,86.59,31.25,19.03
Hong Kong,187.77,21.41,38.42,11.18
FYR Macedonia,82.11,56.20,63.81,54.83
Cuba,100.16,65.77,33.26,50.78
Lebanon,135.70,57.12,32.27,20.84
South Sudan,223.13,18.49,0.00,3.96
Luxembourg,127.22,52.42,45.14,11.86
Barbados,126.97,71.83,0.00,28.65
St Vincent and the Grenadines,95.59,89.75,0.00,35.98
St Lucia,109.08,58.33,20.43,28.25
Vietnam,121.13,61.32,11.87,14.32
Guinea-Bissau,104.90,102.30,0.00,0.00
Singapore,130.69,25.85,26.51,13.08
Tajikistan,88.83,32.87,47.21,26.77
Curaçao,136.71,47.60,7.92,0.00
New Zealand,63.58,21.06,55.62,51.62
Lesotho,65.57,72.18,36.55,11.49
Myanmar,77.78,48.43,45.15,13.16
Afghanistan,87.83,47.30,48.02,0.00
Moldova,33.83,56.75,53.45,25.73
Guam,105.54,27.39,29.67,6.69
Maldives,50.09,76.54,18.09,16.81
Bermuda,153.91,0.00,0.00,0.00
São Tomé e Príncipe,117.30,0.00,0.00,35.09
Dominican Republic,0.00,76.04,23.60,50.29
Malta,59.07,29.08,32.54,22.03
India,99.71,4.30,28.23,6.86
Guyana,109.48,15.47,0.00,14.12
Grenada,66.47,29.55,20.43,22.18
Gambia,95.52,0.00,27.86,12.04
Liechtenstein,42.08,70.71,17.70,4.29
American Samoa,127.50,0.00,0.00,0.00
Cook Islands,127.50,0.00,0.00,0.00
Samoa,127.50,0.00,0.00,0.00
Timor-Leste,99.17,17.60,0.00,10.32
Malaysia,58.73,34.96,21.10,11.31
Mauritius,101.15,0.00,12.18,6.88
Puerto Rico,76.33,22.95,0.00,20.92
Comoros,85.64,32.08,0.00,1.72
Yemen,82.66,25.52,0.00,4.52
Dominica,76.39,9.39,7.92,13.20
Bangladesh,39.98,34.05,22.19,3.44
US Virgin Islands,87.98,0.00,0.00,0.00
Laos,26.47,24.42,29.03,7.64
Indonesia,25.50,32.54,18.69,8.86
Chinese Taipei,55.78,3.68,15.58,5.38
New Caledonia,0.00,0.00,23.72,56.53
Cambodia,57.86,21.25,0.00,0.00
Brunei Darussalam,63.75,0.00,0.00,10.32
Pakistan,50.83,0.00,21.33,0.00
Fiji,59.50,0.00,0.00,8.50
Montserrat,21.25,33.00,0.00,13.20
Nepal,49.58,0.00,14.05,2.46
Sri Lanka,18.21,17.00,22.58,0.00
Suriname,0.00,10.63,7.92,38.28
Seychelles,27.92,12.75,15.79,0.00
Tahiti,0.00,0.00,20.27,35.42
Bhutan,49.04,0.00,0.00,0.00
Vanuatu,34.00,0.00,0.00,12.75
Macau,21.25,21.34,0.00,1.72
Cayman Islands,42.50,0.00,0.00,0.00
Turks and Caicos Islands,0.00,33.00,0.00,0.00
San Marino,0.00,27.72,0.00,0.00
British Virgin Islands,21.25,0.00,0.00,5.28
Solomon Islands,0.00,0.00,0.00,25.64
Mongolia,0.00,0.00,6.45,0.00
Andorra,0.00,0.00,3.30,2.28
Papua New Guinea,0.00,0.00,0.00,4.25
Anguilla,0.00,0.00,0.00,0.00
Bahamas,0.00,0.00,0.00,0.00
Djibouti,0.00,0.00,0.00,0.00
Eritrea,0.00,0.00,0.00,0.00
Somalia,0.00,0.00,0.00,0.00
Tonga,0.00,0.00,0.00,0.00
