Team,Ranking1,Ranking2,Ranking3,Ranking4
Brazil,990.59,282.95,237.98,160.36
Argentina,839.74,384.71,275.96,102.60
Germany,804.19,231.75,309.96,117.92
Chile,714.45,425.28,146.78,124.17
Colombia,683.93,308.59,231.60,123.81
France,828.04,173.60,195.85,96.20
Belgium,594.99,296.16,278.97,110.53
Portugal,658.47,288.24,175.42,136.40
Switzerland,716.99,195.43,163.70,135.61
Spain,593.19,342.32,132.09,136.63
Poland,764.51,225.25,150.95,41.90
Italy,692.51,205.94,155.42,111.56
Wales,683.10,202.46,171.77,62.04
England,576.30,278.24,155.11,92.99
Uruguay,481.04,298.06,179.24,138.58
Mexico,612.85,242.84,136.60,83.22
Peru,743.69,186.46,55.03,59.02
Croatia,613.87,191.41,157.28,53.79
Egypt,568.68,161.99,62.53,116.53
Costa Rica,469.42,152.15,188.80,91.20
Iceland,506.60,169.99,131.31,63.60
Turkey,351.18,356.11,77.07,78.54
USA,433.41,190.58,94.84,128.08
Slovakia,424.71,162.77,190.09,68.30
Ecuador,372.42,313.39,97.56,55.33
Northern Ireland,387.46,238.86,145.90,51.01
Republic of Ireland,426.79,276.95,86.81,32.07
IR Iran,470.21,160.99,101.06,87.86
Bosnia and Herzegovina,375.30,263.62,109.00,66.94
Senegal,463.14,133.96,153.75,54.15
Hungary,351.72,300.38,101.81,47.42
Netherlands,310.64,134.64,265.84,80.73
Cameroon,494.94,118.36,96.51,69.17
Sweden,414.85,189.14,91.35,72.78
Burkina Faso,543.68,93.92,78.23,49.56
Austria,203.45,305.35,164.55,89.07
Ukraine,314.60,233.52,93.71,118.98
Paraguay,399.06,247.64,44.61,46.51
Greece,393.81,111.42,107.34,117.33
Nigeria,477.39,95.38,97.81,55.09
Congo DR,417.74,148.96,114.71,31.02
Tunisia,388.94,110.76,145.46,55.39
Korea Republic,404.98,158.08,93.74,43.55
Japan,407.86,133.22,100.79,42.72
Ghana,342.41,139.47,146.26,54.04
Czech Republic,274.23,178.83,163.09,62.37
Romania,204.39,185.01,206.71,80.35
Côte d'Ivoire,314.24,147.25,145.54,65.25
Serbia,378.71,150.07,52.85,89.83
Australia,354.20,176.91,81.65,48.12
Denmark,313.01,156.22,116.65,71.02
Saudi Arabia,360.20,190.45,35.46,59.41
Morocco,358.15,190.83,41.48,42.19
Algeria,233.69,151.46,151.22,91.51
Slovenia,309.51,115.56,83.41,105.81
Bulgaria,378.68,116.94,81.08,37.13
Panama,318.55,146.93,62.87,78.50
Venezuela,373.63,114.93,41.98,64.01
Scotland,213.42,143.88,112.86,118.81
Uzbekistan,315.56,155.87,54.32,60.68
Russia,168.88,209.83,107.48,74.42
Montenegro,407.55,59.46,61.02,32.02
Israel,318.04,70.33,128.42,39.80
South Africa,286.27,111.52,96.79,44.03
Haiti,295.57,144.17,61.36,35.85
Albania,239.65,119.08,141.22,32.96
Armenia,348.77,47.93,26.06,104.13
Honduras,326.75,81.41,20.00,96.15
Mali,258.83,136.94,82.80,25.81
Curaçao,388.54,59.50,38.61,5.28
Guinea,175.95,114.40,118.60,64.64
Uganda,218.03,121.11,85.45,38.19
Bolivia,264.58,120.40,26.65,48.03
Jamaica,175.16,179.79,78.55,24.02
United Arab Emirates,193.45,128.37,72.66,58.35
Trinidad and Tobago,131.50,177.09,85.28,45.45
Faroe Islands,225.23,120.66,81.08,4.25
Kenya,277.31,88.52,32.87,29.07
Belarus,202.46,134.73,62.10,28.35
Syria,265.35,103.77,39.47,17.14
China PR,207.53,117.24,73.65,26.48
Cape Verde Islands,99.63,120.59,122.39,74.92
Benin,158.10,147.38,57.43,33.02
Gabon,182.58,59.94,114.20,35.41
Congo,113.84,126.63,126.07,25.48
Norway,96.03,183.52,71.11,36.58
Azerbaijan,246.44,66.83,20.45,51.95
Swaziland,242.73,110.35,18.30,7.05
Qatar,159.66,125.59,51.48,32.50
Libya,213.78,91.94,8.90,46.70
Mauritania,195.01,101.29,39.02,23.41
Guatemala,164.88,110.98,73.36,2.50
Antigua and Barbuda,142.80,134.41,71.46,0.00
Namibia,212.57,68.22,44.35,20.67
Guinea-Bissau,167.66,116.64,61.38,0.00
Cyprus,126.65,125.61,73.51,16.75
Finland,53.79,164.31,43.89,73.42
Zambia,113.94,102.60,91.79,25.84
St Kitts and Nevis,144.95,120.98,67.67,0.00
Nicaragua,168.53,135.62,27.32,0.00
Lithuania,199.42,41.80,60.07,30.09
India,260.61,33.51,25.50,11.72
Estonia,143.55,104.72,54.00,28.86
Kazakhstan,171.38,101.26,25.99,25.91
Mozambique,154.56,74.31,76.77,17.40
Togo,165.36,57.97,67.94,29.15
El Salvador,138.21,85.58,40.06,53.43
Canada,146.16,114.77,40.40,10.92
Jordan,109.69,128.59,18.52,54.42
Zimbabwe,169.96,84.03,17.71,31.88
Madagascar,165.75,91.78,44.12,0.00
New Zealand,245.57,31.79,12.64,11.38
Sierra Leone,161.50,62.34,36.15,39.65
Malawi,127.23,77.28,71.35,14.74
Oman,116.09,88.31,37.41,48.45
Korea DPR,142.07,130.88,12.64,3.30
Equatorial Guinea,73.44,78.62,120.89,13.59
Rwanda,70.13,88.76,110.60,15.75
Suriname,272.00,0.00,6.38,5.28
Iraq,109.65,78.84,65.60,23.85
Botswana,75.86,107.56,47.22,45.55
Georgia,142.04,93.21,21.95,16.93
Yemen,212.93,22.31,26.71,5.73
Latvia,95.15,70.82,72.78,26.52
Ethiopia,127.50,61.79,46.81,28.88
Palestine,130.73,91.71,42.43,0.00
Philippines,105.12,104.01,34.15,10.61
Kyrgyz Republic,92.41,127.90,20.08,9.15
Thailand,97.85,105.25,31.01,10.84
Central African Republic,98.18,134.23,6.45,0.00
Niger,98.18,81.97,31.93,22.93
Bahrain,93.39,63.58,44.23,30.38
FYR Macedonia,118.80,34.16,25.21,46.58
Puerto Rico,136.91,70.04,13.77,0.00
Tanzania,88.23,59.29,56.48,13.93
Vietnam,98.32,66.03,28.84,23.94
Lebanon,132.72,53.30,6.02,24.31
Tajikistan,142.42,33.73,14.92,13.73
Guyana,63.75,113.90,16.40,0.00
Turkmenistan,63.75,110.15,19.35,0.00
Liberia,44.63,114.22,22.83,10.63
Burundi,51.00,91.06,35.74,14.14
Comoros,104.41,68.68,12.13,4.75
Angola,44.47,57.06,57.98,29.27
Belize,43.11,127.93,12.75,3.94
South Sudan,95.63,79.69,11.09,0.00
Luxembourg,44.24,87.81,20.07,33.26
Dominican Republic,107.61,36.34,39.92,0.00
Lesotho,77.07,41.23,45.84,16.52
Hong Kong,69.45,88.09,17.63,4.30
Chad,0.00,146.63,30.19,1.72
Maldives,92.08,34.00,38.27,10.35
Tahiti,166.96,0.00,0.00,0.00
Afghanistan,61.20,51.53,30.22,18.34
Sudan,12.07,68.40,51.96,22.43
Papua New Guinea,141.53,12.75,0.00,0.00
Mauritius,54.40,76.21,10.15,5.80
Malaysia,86.77,28.69,14.18,15.10
Moldova,44.74,24.56,27.95,44.84
Singapore,39.79,68.89,16.58,16.07
Chinese Taipei,107.33,9.11,13.61,6.09
Aruba,0.00,80.75,39.60,6.96
Cuba,0.00,58.34,38.40,27.40
Bhutan,85.00,0.00,38.25,0.00
New Caledonia,120.59,0.00,0.00,0.00
Kuwait,0.00,70.10,24.54,25.77
Myanmar,51.07,40.52,28.80,0.00
Gambia,46.92,41.51,13.01,18.58
Grenada,42.33,50.84,16.58,7.57
St Vincent and the Grenadines,0.00,45.74,55.66,14.64
St Lucia,0.00,65.45,31.88,17.53
Kosovo,112.28,0.00,0.00,0.00
Nepal,70.83,24.29,6.38,8.97
Barbados,0.00,59.15,50.36,0.00
Cambodia,70.00,15.82,22.02,0.00
Laos,59.20,31.79,14.65,1.72
Indonesia,70.05,0.00,21.11,14.17
São Tomé e Príncipe,0.00,98.28,0.00,0.00
Vanuatu,63.75,29.75,0.00,0.00
Solomon Islands,79.69,12.75,0.00,0.00
Fiji,60.21,29.75,0.00,0.00
Malta,10.27,36.32,14.96,24.56
Guam,0.00,56.71,16.39,8.62
Macau,53.13,4.25,19.18,0.00
Bermuda,0.00,26.99,48.45,0.00
Dominica,0.00,42.08,26.56,5.03
Andorra,63.36,0.00,0.00,2.20
Brunei Darussalam,42.50,0.00,22.31,0.00
Liechtenstein,0.00,13.44,42.69,8.00
Samoa,0.00,63.75,0.00,0.00
American Samoa,0.00,63.75,0.00,0.00
Cook Islands,0.00,63.75,0.00,0.00
Bangladesh,21.25,17.77,17.85,3.61
Djibouti,53.13,0.00,0.00,0.00
Timor-Leste,4.25,15.94,31.88,0.00
Seychelles,6.07,27.18,7.65,10.53
Mongolia,34.00,0.00,0.00,0.00
Sri Lanka,8.50,12.75,7.29,5.16
US Virgin Islands,0.00,0.00,26.39,0.00
Montserrat,0.00,0.00,26.18,0.00
Pakistan,0.00,0.00,15.25,8.60
Turks and Caicos Islands,0.00,0.00,19.80,0.00
Cayman Islands,0.00,0.00,12.75,0.00
San Marino,0.00,0.00,11.88,0.00
British Virgin Islands,0.00,0.00,5.31,0.00
Anguilla,0.00,0.00,0.00,0.00
Bahamas,0.00,0.00,0.00,0.00
Eritrea,0.00,0.00,0.00,0.00
Gibraltar,0.00,0.00,0.00,0.00
Somalia,0.00,0.00,0.00,0.00
Tonga,0.00,0.00,0.00,0.00
