Team,Ranking1,Ranking2,Ranking3,Ranking4
Germany,1153.12,279.68,231.19,111.05
Belgium,961.05,278.70,222.11,46.86
Argentina,919.87,256.49,210.62,109.28
Colombia,821.59,287.18,205.35,120.79
Brazil,813.06,410.34,81.69,87.01
Netherlands,957.91,194.19,162.10,63.71
Portugal,617.62,318.64,187.38,105.81
Uruguay,618.27,335.67,81.27,148.12
France,704.66,224.59,135.35,99.27
Spain,443.99,332.00,273.74,97.29
Switzerland,572.09,311.25,178.37,83.83
Romania,731.75,200.28,127.56,55.06
Italy,550.06,278.40,183.61,88.51
Costa Rica,674.28,218.10,116.30,47.48
England,520.33,265.64,159.22,105.92
Czech Republic,677.80,132.15,140.67,84.93
Slovakia,737.30,158.50,72.30,44.21
Croatia,536.15,140.12,213.69,102.02
Chile,489.13,305.01,98.87,96.45
Austria,613.80,210.14,65.43,56.92
Algeria,506.31,254.24,110.69,70.25
Wales,572.55,155.11,93.04,108.45
Mexico,479.47,204.73,142.28,99.72
Côte d'Ivoire,508.22,146.82,159.60,101.62
Greece,391.75,255.55,157.34,94.19
Russia,367.40,179.81,175.49,109.95
USA,306.40,325.21,126.97,64.66
Scotland,414.73,272.08,55.42,76.00
Tunisia,493.39,143.34,107.07,64.07
Denmark,401.06,176.18,114.94,115.62
Ecuador,371.72,134.51,219.57,80.27
Bosnia and Herzegovina,335.30,184.23,194.64,88.20
Poland,554.05,104.31,80.72,62.48
Ghana,463.15,127.16,136.39,73.70
Ukraine,317.23,304.71,118.95,43.18
Senegal,584.93,124.44,27.22,44.96
Iceland,465.47,151.82,131.06,20.67
Cape Verde Islands,407.97,187.31,102.82,47.47
Sweden,372.19,155.89,113.79,95.46
Israel,503.42,90.59,99.02,32.25
IR Iran,398.22,194.98,61.57,61.77
Hungary,359.66,114.80,121.68,88.73
Nigeria,350.01,135.73,159.61,35.34
Northern Ireland,497.95,111.59,47.23,18.86
Guinea,398.48,164.13,53.79,56.97
Serbia,315.53,204.20,104.04,48.79
Congo,447.28,75.58,70.67,72.60
Slovenia,278.03,268.34,53.75,52.67
Cameroon,349.59,160.45,80.56,49.99
Equatorial Guinea,454.54,73.32,55.73,51.73
Albania,383.87,73.25,137.09,29.50
Japan,337.69,118.77,103.82,62.53
Mali,322.00,55.32,165.83,79.54
Panama,233.13,187.93,107.70,68.63
Egypt,234.47,254.92,55.62,50.72
Congo DR,382.36,77.56,101.22,30.06
Turkey,243.05,214.48,64.86,67.32
Korea Republic,329.82,102.82,90.40,63.49
Gabon,380.65,88.53,52.44,61.11
Republic of Ireland,337.84,67.08,63.44,112.25
Peru,229.30,105.77,130.18,81.05
Bulgaria,307.40,68.48,134.26,26.47
Australia,281.35,115.12,62.29,73.42
Norway,273.54,84.88,112.69,56.60
Jamaica,320.00,50.80,103.81,49.27
Burkina Faso,255.57,127.58,120.64,16.45
Trinidad and Tobago,284.28,113.62,74.57,46.90
Zambia,279.83,66.21,82.59,88.55
South Africa,290.93,103.33,87.74,33.27
Montenegro,254.43,70.69,158.25,29.16
Uganda,303.86,93.91,73.15,32.94
Venezuela,139.94,159.71,122.58,74.81
United Arab Emirates,253.63,129.58,83.37,29.14
Uzbekistan,203.71,124.11,90.83,60.20
Honduras,90.84,226.23,96.39,48.68
Haiti,204.55,89.62,86.35,61.09
Togo,226.46,72.89,98.18,40.89
Finland,138.60,157.88,69.32,44.36
China PR,245.50,66.20,44.36,52.51
Belarus,221.07,63.66,76.25,39.49
Mozambique,255.07,47.96,61.63,25.94
Latvia,240.22,83.60,21.87,44.06
Sierra Leone,93.50,142.12,69.77,81.21
Armenia,58.69,226.80,34.86,63.08
Paraguay,105.12,123.92,72.92,80.43
Iraq,218.68,65.05,40.67,56.70
Cyprus,285.86,35.89,40.50,14.86
Angola,182.75,79.62,57.42,54.63
Bolivia,106.60,102.93,135.71,25.81
El Salvador,124.01,133.58,45.16,68.28
Estonia,202.40,69.73,37.65,59.72
Morocco,146.08,98.33,65.30,58.85
Guatemala,220.07,6.25,62.82,59.03
Rwanda,205.02,76.13,27.78,36.72
Malawi,230.35,45.60,47.93,21.38
Lithuania,194.78,82.38,47.10,16.93
Qatar,170.23,81.24,45.35,37.61
Saudi Arabia,135.09,111.40,44.82,37.84
Ethiopia,156.04,71.29,63.51,32.73
FYR Macedonia,94.55,116.44,80.84,29.64
Oman,88.34,134.80,56.78,39.23
Faroe Islands,270.27,10.63,0.00,37.50
Jordan,60.71,134.04,75.00,45.90
Antigua and Barbuda,238.21,0.00,36.89,37.65
Namibia,152.15,68.12,46.85,36.04
Bahrain,147.44,75.96,36.24,39.21
Cuba,127.99,68.49,95.21,3.42
Sudan,173.19,63.00,27.97,28.21
Canada,142.53,36.18,62.61,49.06
Benin,100.73,122.55,19.48,46.51
Botswana,119.88,121.16,26.53,16.97
St Vincent and the Grenadines,172.98,36.61,42.50,27.39
Madagascar,194.93,73.53,0.00,9.21
St Kitts and Nevis,219.67,0.00,19.80,35.20
Azerbaijan,77.92,124.76,40.10,28.86
Dominican Republic,133.08,0.00,80.75,42.72
Niger,119.74,50.15,46.96,34.34
Palestine,57.57,135.81,25.51,22.81
Zimbabwe,63.75,76.27,57.42,40.57
Libya,0.00,114.10,58.74,65.08
Syria,141.10,42.85,26.01,24.30
Lesotho,119.20,55.04,34.81,17.26
Kenya,67.41,78.03,39.34,35.05
Moldova,62.31,111.51,33.60,11.29
Kuwait,79.23,61.14,36.40,41.45
Bermuda,161.50,0.00,0.00,55.44
Vietnam,82.51,59.86,18.41,54.44
Tanzania,69.89,59.86,65.60,19.18
Thailand,124.95,29.17,28.10,24.83
Liechtenstein,162.64,18.00,14.25,12.00
Luxembourg,66.89,83.15,17.08,34.24
Barbados,149.22,0.00,42.98,3.77
Kazakhstan,89.97,64.79,21.32,18.92
Burundi,72.25,39.22,40.16,42.75
Lebanon,49.30,62.20,39.29,37.50
St Lucia,78.63,43.82,54.89,8.65
Philippines,67.72,55.10,36.36,23.73
New Zealand,19.04,32.64,95.57,32.30
Georgia,32.67,58.83,61.08,20.63
Tajikistan,49.73,34.31,55.42,33.70
Central African Republic,0.00,10.75,102.45,48.02
India,85.00,29.29,35.77,10.77
Myanmar,85.15,32.25,31.97,11.11
Curaçao,128.71,13.20,0.00,17.07
Malta,49.85,61.41,15.08,28.01
Timor-Leste,135.58,0.00,15.48,0.00
Korea DPR,53.78,8.26,39.58,49.44
Liberia,0.00,38.06,66.11,44.88
Mauritania,43.86,74.38,27.55,0.00
Suriname,46.75,13.20,57.42,23.24
Aruba,0.00,83.40,31.50,23.09
Afghanistan,25.50,51.31,45.15,15.87
Nicaragua,91.07,0.00,14.92,31.66
Singapore,60.81,40.17,20.48,14.64
Guinea-Bissau,42.93,80.84,0.00,7.60
Indonesia,70.38,35.44,12.08,13.46
Belize,42.50,9.86,36.34,41.91
Guyana,65.09,0.00,23.81,40.47
Bhutan,127.50,0.00,0.00,0.00
Gambia,43.35,46.44,0.00,34.44
Grenada,40.59,18.92,53.70,10.91
Swaziland,78.84,27.97,10.32,4.30
Malaysia,47.27,37.76,20.21,15.63
Hong Kong,58.76,10.75,32.06,15.97
Yemen,89.04,14.33,5.81,7.91
Bangladesh,59.50,9.03,24.51,22.73
Puerto Rico,45.90,0.00,38.81,28.79
Dominica,79.71,12.57,19.80,0.00
New Caledonia,0.00,0.00,87.34,23.93
Pakistan,50.83,21.50,23.38,9.98
US Virgin Islands,87.98,0.00,0.00,15.64
Chad,0.00,54.61,0.00,45.51
Turkmenistan,0.00,32.25,36.38,30.53
Guam,54.64,21.55,15.59,5.13
Laos,42.50,16.48,22.04,12.90
Mauritius,59.33,14.50,10.32,6.14
Kyrgyz Republic,0.00,30.73,58.05,0.00
Maldives,0.00,48.90,26.26,11.22
Cambodia,73.41,0.00,0.00,12.90
Chinese Taipei,45.37,15.22,9.68,15.23
Montserrat,21.25,33.00,19.80,0.00
Tahiti,0.00,0.00,43.14,27.37
Nepal,21.25,22.42,7.26,18.58
Brunei Darussalam,53.13,0.00,15.48,0.00
Macau,63.92,0.00,1.84,0.00
Sri Lanka,24.29,12.90,19.35,7.88
Seychelles,25.08,26.32,0.00,8.60
São Tomé e Príncipe,0.00,0.00,0.00,57.62
Cayman Islands,42.50,0.00,0.00,5.28
Comoros,0.00,32.08,2.58,9.78
Solomon Islands,0.00,0.00,25.05,19.36
San Marino,39.60,0.00,0.00,0.00
Turks and Caicos Islands,0.00,33.00,0.00,0.00
British Virgin Islands,21.25,0.00,7.92,0.00
Fiji,0.00,0.00,12.75,15.30
Bahamas,0.00,0.00,0.00,26.40
South Sudan,0.00,18.49,5.93,0.00
Samoa,0.00,0.00,0.00,21.25
Mongolia,0.00,0.00,6.45,12.90
Vanuatu,0.00,0.00,0.00,17.37
Tonga,0.00,0.00,0.00,17.00
Papua New Guinea,0.00,0.00,6.38,6.80
American Samoa,0.00,0.00,0.00,12.14
Andorra,0.00,5.50,0.00,2.60
Eritrea,0.00,0.00,0.00,7.57
Somalia,0.00,0.00,0.00,5.59
Djibouti,0.00,0.00,0.00,4.30
Cook Islands,0.00,0.00,0.00,3.54
Anguilla,0.00,0.00,0.00,0.00
