Team,Ranking1,Ranking2,Ranking3,Ranking4
Spain,676.64,407.69,261.46,186.61
Germany,497.45,409.18,196.78,169.84
Colombia,792.81,246.23,89.75,77.33
Argentina,650.94,305.69,94.74,153.03
Netherlands,628.77,132.02,227.13,192.41
Italy,544.15,339.22,171.50,87.33
Portugal,464.53,339.75,164.82,130.18
Croatia,563.31,280.88,171.09,82.83
Brazil,637.09,211.44,98.31,147.99
Belgium,784.88,117.15,114.09,63.12
Greece,545.44,258.48,143.96,89.69
Uruguay,360.11,423.16,63.98,168.36
Côte d'Ivoire,540.16,237.56,147.82,83.36
Bosnia and Herzegovina,644.22,189.41,118.80,42.35
England,350.91,351.25,170.62,120.82
Switzerland,593.52,205.92,84.38,103.42
Russia,495.97,285.13,127.67,70.24
Ecuador,587.40,244.81,61.56,37.82
Peru,516.51,192.97,78.37,110.14
Mexico,445.09,172.53,160.77,101.16
Chile,391.47,241.03,125.10,114.19
USA,536.98,128.22,96.97,102.93
France,361.23,247.24,149.66,79.92
Ghana,472.57,184.25,73.18,99.52
Norway,377.42,147.61,163.56,112.21
Czech Republic,366.85,274.43,87.07,68.48
Denmark,294.08,288.12,136.22,69.09
Mali,433.32,243.99,44.89,52.18
Montenegro,461.56,57.94,200.96,53.88
Ukraine,481.98,143.64,58.66,89.36
Sweden,292.78,233.21,157.54,80.97
Hungary,389.88,226.13,97.98,34.84
Romania,444.56,156.62,74.63,56.17
Algeria,400.15,190.76,55.90,83.55
Nigeria,463.03,102.31,71.68,86.28
Venezuela,404.48,181.75,59.31,58.28
Albania,453.29,88.50,90.87,56.54
Japan,265.81,182.61,162.41,78.60
Costa Rica,447.41,118.99,65.97,55.68
Australia,280.18,186.93,108.45,95.47
Serbia,346.80,115.00,99.24,99.53
Burkina Faso,462.87,26.25,96.73,69.83
Korea Republic,267.13,171.28,135.09,68.19
Republic of Ireland,256.58,197.44,115.08,70.02
Slovenia,265.50,131.68,107.15,129.43
Wales,310.13,271.13,24.53,23.91
Tunisia,318.34,175.66,88.40,44.51
Paraguay,243.07,205.76,65.59,107.50
Cape Verde Islands,391.42,125.78,84.79,17.62
Scotland,313.25,190.00,52.91,53.50
Panama,288.08,159.08,100.73,53.50
Bulgaria,418.98,46.94,80.88,48.77
IR Iran,302.00,151.77,96.05,46.02
Austria,345.83,130.19,60.26,58.65
Honduras,346.59,89.70,81.71,63.60
New Zealand,394.36,96.95,14.04,76.48
Turkey,195.50,172.77,126.09,78.63
Uzbekistan,315.22,155.21,62.79,30.26
South Africa,315.08,85.74,104.62,52.79
Zambia,208.03,235.28,63.95,47.14
Guinea,314.12,125.76,99.15,5.68
Egypt,217.70,133.26,58.02,133.90
Slovakia,229.40,100.91,112.16,99.83
Israel,330.05,26.79,122.75,60.01
Finland,317.85,121.98,44.93,52.49
Armenia,233.61,167.54,95.91,36.69
Equatorial Guinea,377.54,131.03,23.84,0.00
Bolivia,326.94,99.79,42.06,58.80
Haiti,259.61,152.72,56.39,53.45
Libya,196.51,205.46,98.56,17.95
Cameroon,261.59,116.32,73.77,65.15
Togo,350.09,110.49,15.27,35.33
Iceland,388.33,58.13,14.21,38.70
Senegal,221.02,108.38,137.92,29.48
Poland,224.75,164.01,65.26,39.34
Jordan,272.86,108.72,72.83,34.37
Jamaica,236.54,77.30,130.27,39.60
Belarus,247.81,70.57,128.71,34.70
Morocco,237.86,120.26,97.04,14.74
Uganda,265.19,99.19,55.31,46.41
Gabon,188.43,168.13,32.80,69.64
Cuba,380.82,9.97,67.28,0.00
Sierra Leone,179.13,181.54,82.04,0.00
Congo DR,292.02,93.28,45.02,3.98
United Arab Emirates,277.90,72.85,35.50,46.02
Estonia,145.74,172.28,68.21,36.36
Trinidad and Tobago,213.05,117.25,52.48,36.37
Canada,182.25,139.19,56.58,35.33
Central African Republic,148.35,138.27,111.07,0.00
Congo,194.00,167.57,22.45,12.14
Dominican Republic,269.17,106.81,19.80,0.00
FYR Macedonia,247.00,82.33,24.81,41.23
Guatemala,189.66,137.82,47.42,13.06
El Salvador,150.85,144.01,66.26,20.53
Ethiopia,237.23,100.80,38.13,5.10
Angola,167.54,126.17,47.65,38.75
New Caledonia,277.31,86.97,12.75,0.00
Georgia,180.98,51.57,123.00,13.61
Oman,189.62,104.19,34.02,33.12
China PR,91.97,131.45,71.30,44.21
Iraq,121.75,132.31,53.25,27.20
Mozambique,173.08,74.18,45.30,33.00
Liberia,184.78,81.53,58.05,0.00
Lithuania,140.63,51.68,68.50,60.07
Saudi Arabia,146.67,92.91,40.13,35.21
Tajikistan,184.73,84.24,30.10,15.17
Niger,140.87,85.85,83.87,1.94
Malawi,115.53,71.91,72.61,52.35
Suriname,191.40,58.10,59.87,1.70
Kuwait,120.86,98.45,46.09,43.42
Northern Ireland,157.43,47.14,76.47,26.00
Korea DPR,123.70,133.10,32.07,17.23
Qatar,128.35,92.84,61.69,22.90
Zimbabwe,122.12,85.36,72.76,24.25
Benin,76.11,122.86,36.98,65.62
Botswana,133.19,42.71,87.05,38.20
Azerbaijan,134.05,79.37,48.32,35.98
Bahrain,132.87,85.77,26.91,40.73
Latvia,65.60,134.64,21.75,57.79
Burundi,160.65,78.93,33.48,0.00
Tanzania,154.33,69.08,36.89,10.63
Antigua and Barbuda,114.09,91.68,59.39,0.00
Kenya,146.17,87.62,24.94,5.77
Grenada,178.99,38.97,46.22,0.00
Cyprus,120.00,37.14,40.62,58.13
Moldova,139.25,28.22,57.75,30.53
Namibia,126.42,111.54,5.72,8.50
Guyana,95.26,85.61,55.17,13.77
Lebanon,150.85,86.52,0.00,8.34
Belize,117.92,96.17,27.46,0.00
Puerto Rico,129.36,71.98,39.60,0.00
St Vincent and the Grenadines,141.68,68.48,26.07,1.70
Malta,137.17,80.03,11.70,7.28
Rwanda,104.30,95.06,19.31,14.31
Sudan,98.24,64.29,68.76,1.70
Sudan,98.24,64.29,68.76,1.70
Turkmenistan,121.26,76.33,18.78,15.19
Kyrgyz Republic,214.15,0.00,7.74,4.91
Thailand,107.30,62.07,30.62,22.76
St Kitts and Nevis,66.00,88.00,56.93,7.07
Afghanistan,150.50,44.81,18.54,0.00
Luxembourg,71.75,97.82,28.82,11.70
St Lucia,182.95,21.63,5.50,0.00
Syria,86.70,48.31,39.68,30.56
Philippines,126.58,51.26,23.66,1.70
Vietnam,46.91,88.26,28.53,18.35
India,119.22,26.93,14.38,17.34
Barbados,143.26,9.43,22.44,0.00
Hong Kong,106.86,34.94,20.53,10.99
Liechtenstein,74.00,30.00,57.64,11.58
Kazakhstan,71.06,41.39,44.48,15.00
Palestine,88.03,48.06,25.80,5.41
Bangladesh,81.70,36.55,33.54,14.34
Aruba,104.98,57.73,0.00,0.00
Tahiti,37.54,95.71,13.26,0.00
Maldives,87.55,29.80,18.16,11.90
Singapore,81.70,31.13,16.03,17.28
Bermuda,0.00,138.60,0.00,0.00
Nicaragua,49.72,79.15,9.20,0.00
Malaysia,64.50,29.00,28.92,13.09
Chad,0.00,113.77,7.50,12.24
Lesotho,74.93,48.01,0.00,10.17
Solomon Islands,86.06,46.12,0.00,0.00
Myanmar,98.37,6.62,13.62,10.20
Gambia,0.00,52.59,54.72,18.56
Dominica,66.00,0.00,52.67,5.10
São Tomé e Príncipe,0.00,120.04,0.00,0.00
Pakistan,77.94,14.19,14.65,6.80
Indonesia,36.28,32.66,35.25,7.74
Nepal,24.19,23.50,46.07,12.04
Yemen,0.00,39.06,22.38,34.13
Sri Lanka,64.50,12.90,8.44,9.37
Mauritania,91.85,0.00,2.58,0.00
Laos,67.81,0.00,19.63,0.00
Faroe Islands,0.00,0.00,49.69,31.66
Chinese Taipei,32.25,17.20,20.73,6.80
Guam,56.68,12.83,0.00,0.00
Montserrat,66.00,0.00,0.00,0.00
Curaçao,0.00,42.68,19.11,2.89
Swaziland,28.67,12.29,7.42,11.31
Guinea-Bissau,0.00,18.99,38.96,0.00
Bahamas,0.00,33.00,19.80,0.00
Brunei Darussalam,51.60,0.00,0.00,0.00
Mauritius,34.40,17.92,0.00,0.00
Timor-Leste,51.60,0.00,0.00,0.00
Madagascar,0.00,23.04,27.74,0.00
Mongolia,21.50,0.00,27.09,0.00
US Virgin Islands,0.00,23.57,22.44,0.00
Samoa,0.00,46.48,0.00,0.00
Tonga,0.00,42.50,0.00,0.00
Vanuatu,0.00,40.08,2.55,0.00
Comoros,8.60,6.14,18.32,7.65
Fiji,0.00,40.73,0.00,0.00
British Virgin Islands,26.40,0.00,7.92,0.00
Cayman Islands,0.00,13.20,19.80,0.00
American Samoa,0.00,30.36,0.00,0.00
Eritrea,0.00,18.92,0.00,5.10
Papua New Guinea,0.00,23.02,0.00,0.00
Cambodia,0.00,0.00,20.00,0.00
South Sudan,19.78,0.00,0.00,0.00
Seychelles,0.00,19.35,0.00,0.00
Somalia,0.00,13.98,0.00,0.00
Macau,6.14,0.00,5.53,0.00
Djibouti,0.00,10.75,0.00,0.00
Cook Islands,0.00,8.85,0.00,0.00
Andorra,0.00,7.58,0.00,0.00
Anguilla,0.00,0.00,2.64,0.00
Bhutan,0.00,0.00,0.00,0.00
San Marino,0.00,0.00,0.00,0.00
Turks and Caicos Islands,0.00,0.00,0.00,0.00
