Team,Ranking1,Ranking2,Ranking3,Ranking4
Spain,664.00,456.24,145.54,218.80
Germany,559.35,385.31,166.57,188.36
Brazil,845.26,136.15,134.70,126.12
Portugal,637.29,312.30,129.10,110.72
Argentina,512.98,351.04,174.84,135.64
Switzerland,640.01,297.29,123.55,87.72
Uruguay,671.34,135.45,222.18,118.50
Colombia,574.37,342.25,181.19,39.22
Italy,556.81,306.02,132.77,108.36
England,531.28,265.37,162.34,131.32
Belgium,557.40,370.19,70.29,76.06
Greece,547.70,262.23,143.90,109.68
USA,650.42,211.61,102.38,70.41
Chile,610.01,164.78,144.68,106.76
Netherlands,388.38,270.17,98.88,223.82
Ukraine,609.43,198.24,64.77,43.01
France,449.18,225.59,148.90,89.74
Croatia,280.24,356.14,153.03,114.06
Russia,359.61,292.49,150.37,90.82
Mexico,400.99,255.78,142.97,82.20
Bosnia and Herzegovina,352.99,324.41,132.30,63.00
Algeria,508.48,184.49,122.94,41.62
Denmark,352.36,191.57,171.70,93.78
Côte d'Ivoire,293.64,266.00,146.73,102.94
Slovenia,536.69,89.58,79.01,94.57
Ecuador,269.01,365.95,120.40,35.92
Scotland,544.15,92.36,114.00,35.27
Costa Rica,465.28,193.84,60.09,43.27
Romania,407.78,208.53,82.59,62.45
Serbia,408.40,173.40,73.19,90.03
Panama,404.77,179.49,102.94,55.53
Sweden,311.79,189.66,143.19,96.86
Honduras,452.47,160.65,73.02,45.08
Czech Republic,293.66,234.44,135.00,60.66
Turkey,428.96,108.10,100.98,84.06
Egypt,509.84,92.70,74.19,38.68
Ghana,254.31,227.31,110.55,112.27
Armenia,453.61,58.09,106.45,63.94
Cape Verde Islands,374.62,171.37,71.21,56.53
Venezuela,319.43,204.30,112.21,36.09
Wales,310.21,155.06,162.68,16.35
Austria,411.65,109.06,85.38,36.50
IR Iran,367.04,117.41,92.66,64.03
Nigeria,275.67,266.01,53.56,44.57
Peru,237.99,216.96,126.02,45.92
Japan,218.61,172.37,93.80,141.67
Hungary,229.60,202.81,133.10,58.50
Tunisia,286.67,178.45,95.92,50.48
Slovakia,317.00,120.50,60.54,92.99
Paraguay,247.83,121.54,122.26,83.08
Montenegro,141.37,263.75,34.76,133.97
Iceland,303.64,218.44,34.88,9.47
Guinea,328.25,89.66,82.31,66.10
Sierra Leone,284.23,116.28,109.54,54.70
Norway,169.75,187.81,93.39,111.02
Cameroon,320.91,134.26,72.17,31.04
Mali,110.63,276.38,130.15,29.93
Korea Republic,209.02,142.16,95.24,100.13
Uzbekistan,248.23,151.38,97.82,41.86
Burkina Faso,255.15,201.07,17.06,64.49
Finland,315.75,115.53,66.53,33.70
Australia,218.34,109.30,110.45,87.51
Jordan,268.07,125.00,68.86,48.55
Libya,228.20,97.91,105.79,65.70
South Africa,206.65,146.23,42.92,99.79
Albania,146.50,228.49,44.25,75.72
Bolivia,205.86,226.19,41.70,9.38
El Salvador,267.17,75.27,109.74,28.61
Poland,213.50,130.28,86.90,43.51
Republic of Ireland,134.17,105.73,159.35,73.57
Trinidad and Tobago,249.96,114.72,70.35,34.98
United Arab Emirates,255.30,138.95,43.71,21.98
Haiti,179.24,143.92,91.63,37.59
Senegal,248.88,45.37,64.72,91.95
Israel,181.18,165.03,16.07,81.83
Zambia,132.42,137.65,128.00,42.63
Morocco,196.66,108.84,68.32,64.69
Bulgaria,133.37,209.49,28.16,53.92
Oman,234.30,104.00,58.84,22.68
FYR Macedonia,217.85,134.73,49.40,16.54
Jamaica,110.07,158.60,73.90,68.52
Belarus,127.31,127.08,59.23,83.14
Azerbaijan,249.52,66.83,43.29,36.24
Congo DR,155.11,168.70,40.79,30.01
Congo,151.16,117.78,108.90,14.96
Uganda,187.82,121.92,43.20,36.87
Benin,245.10,32.47,83.72,24.65
Togo,145.77,163.63,61.34,11.93
Gabon,177.05,87.41,91.67,25.51
Northern Ireland,223.19,78.71,28.29,50.98
Saudi Arabia,222.79,74.71,56.76,26.75
Botswana,242.32,44.21,21.38,67.09
Angola,159.23,95.70,77.48,31.77
Palestine,271.62,42.51,34.21,9.83
Cuba,136.98,158.68,5.98,52.33
Georgia,134.46,101.80,30.94,82.00
New Zealand,65.27,159.28,67.57,54.71
Estonia,139.46,62.75,89.58,51.34
Zimbabwe,152.53,95.70,43.52,48.50
Qatar,170.45,71.38,56.42,41.12
Moldova,223.03,56.00,16.93,38.50
Equatorial Guinea,146.63,92.88,77.59,15.89
China PR,132.40,73.93,77.78,46.86
Iraq,141.82,65.08,85.05,37.19
Central African Republic,21.50,170.75,54.31,74.05
Lithuania,164.75,78.50,25.39,50.24
Ethiopia,142.58,105.85,43.61,25.42
Kenya,156.06,65.56,56.95,17.67
Latvia,167.20,36.44,72.71,16.45
Bahrain,151.92,60.40,58.81,17.94
Canada,72.35,104.35,73.59,38.59
Niger,100.30,78.26,55.80,50.13
Tanzania,119.71,109.33,30.83,23.30
Namibia,136.25,78.08,58.98,3.81
Kuwait,122.28,60.67,62.18,30.92
Liberia,76.11,110.18,46.47,38.70
Rwanda,152.25,46.30,59.66,12.88
Mozambique,95.91,102.72,43.78,26.42
Luxembourg,166.30,28.47,51.36,21.14
Sudan,125.99,46.62,39.84,41.86
Sudan,125.99,46.62,39.84,41.86
Aruba,166.80,52.49,34.64,0.00
Malawi,91.20,79.89,27.30,48.41
Vietnam,119.71,30.68,81.66,9.92
Kazakhstan,151.17,31.58,28.38,29.65
Lebanon,106.10,71.10,56.24,0.00
Tajikistan,68.63,92.36,50.54,17.20
Guatemala,12.50,104.70,88.55,19.82
Burundi,78.44,66.94,53.28,22.32
Philippines,108.30,61.04,35.60,12.37
Afghanistan,102.63,75.25,23.81,12.90
Dominican Republic,0.00,134.59,64.09,13.20
Malta,122.81,25.13,48.02,7.80
St Vincent and the Grenadines,73.22,70.84,41.09,17.38
Guinea-Bissau,161.68,0.00,13.67,25.97
Chad,109.22,0.00,81.92,10.12
Suriname,26.40,95.70,34.86,39.91
Mauritania,148.75,45.92,0.00,1.72
St Lucia,87.65,91.48,12.98,3.67
Lesotho,110.08,58.02,25.89,0.00
New Caledonia,0.00,145.56,35.89,8.50
Syria,85.69,43.35,36.45,24.32
Cyprus,71.79,67.50,22.29,27.08
Turkmenistan,64.50,60.63,45.80,12.52
Grenada,37.84,89.50,16.37,38.51
Madagascar,147.06,0.00,16.13,18.49
Korea DPR,16.51,65.96,74.16,18.17
Maldives,97.81,43.77,16.83,12.11
Gambia,92.88,0.00,51.66,21.93
Kyrgyz Republic,61.46,96.75,0.00,5.16
Thailand,58.34,46.83,37.24,20.41
Antigua and Barbuda,0.00,61.48,56.47,39.59
Belize,19.71,60.57,62.87,8.76
Malaysia,75.52,33.68,23.44,16.03
India,58.58,59.61,16.16,9.59
Singapore,75.47,35.92,21.97,8.00
Guyana,0.00,39.69,60.70,36.78
Indonesia,70.87,20.13,20.18,23.50
Puerto Rico,0.00,64.68,43.19,26.40
Myanmar,64.50,49.19,16.66,2.87
St Kitts and Nevis,0.00,33.00,52.80,37.95
Tahiti,0.00,71.90,41.06,8.84
Liechtenstein,40.00,21.11,18.00,38.43
Hong Kong,25.80,48.57,23.96,13.69
Pakistan,43.00,38.97,14.96,5.47
Nepal,44.84,12.09,27.87,17.20
Montserrat,66.00,33.00,0.00,0.00
Bangladesh,18.06,40.85,34.09,5.16
Laos,32.97,36.73,19.35,8.30
Dominica,25.14,33.00,0.00,35.11
Barbados,0.00,71.63,5.66,14.96
Faroe Islands,21.25,0.00,56.25,11.07
São Tomé e Príncipe,0.00,0.00,86.43,0.00
Swaziland,55.94,17.20,7.37,4.95
Comoros,64.16,4.30,3.69,12.21
Bermuda,0.00,0.00,83.16,0.00
Nicaragua,0.00,24.86,47.49,6.13
Chinese Taipei,30.44,16.13,22.85,8.87
Guam,43.10,25.98,7.70,0.00
Sri Lanka,25.80,32.25,11.83,3.58
Solomon Islands,0.00,40.49,29.28,0.00
Seychelles,52.63,0.00,12.90,0.00
Curaçao,26.40,0.00,25.61,12.74
Yemen,24.57,9.68,11.87,14.92
Mauritius,28.99,17.20,10.75,0.00
South Sudan,36.98,9.89,0.00,0.00
Bahamas,0.00,0.00,39.60,0.00
Mongolia,0.00,10.75,19.35,5.16
Fiji,0.00,10.63,23.76,0.00
Samoa,0.00,0.00,31.88,0.00
Cambodia,0.00,0.00,19.35,8.60
Vanuatu,0.00,0.00,26.05,1.70
Brunei Darussalam,0.00,25.80,0.00,0.00
Timor-Leste,0.00,25.80,0.00,0.00
Tonga,0.00,0.00,25.50,0.00
US Virgin Islands,0.00,0.00,23.47,0.00
Cayman Islands,0.00,0.00,7.92,13.20
Papua New Guinea,0.00,10.63,10.20,0.00
British Virgin Islands,0.00,13.20,0.00,5.28
American Samoa,0.00,0.00,18.21,0.00
Andorra,11.00,0.00,4.55,0.00
Eritrea,0.00,0.00,11.35,0.00
Somalia,0.00,0.00,8.39,0.00
Macau,0.00,3.07,0.00,5.16
Djibouti,0.00,0.00,6.45,0.00
Cook Islands,0.00,0.00,5.31,0.00
Anguilla,0.00,0.00,2.64,0.00
Bhutan,0.00,0.00,0.00,0.00
San Marino,0.00,0.00,0.00,0.00
Turks and Caicos Islands,0.00,0.00,0.00,0.00
