Team,Ranking1,Ranking2,Ranking3,Ranking4
Belgium,725.08,389.07,215.47,109.99
Germany,549.20,519.01,169.99,150.20
Argentina,571.17,474.62,175.09,161.97
Portugal,771.75,331.21,132.22,129.12
Chile,754.19,269.91,189.47,74.90
Spain,718.10,197.59,218.05,152.79
Colombia,500.95,395.15,190.85,145.94
Brazil,542.21,399.96,187.23,78.29
England,713.69,196.20,148.92,120.31
Austria,710.88,261.05,108.53,50.03
Switzerland,529.41,242.16,200.89,100.17
Uruguay,471.36,311.31,185.07,82.86
Italy,515.20,236.49,164.88,123.72
Romania,592.02,237.61,131.21,78.24
Wales,692.29,187.60,111.73,40.20
Netherlands,297.45,430.12,168.80,79.36
Czech Republic,517.89,234.16,117.75,104.22
Turkey,644.09,142.71,100.75,53.56
Croatia,424.46,274.67,108.70,115.71
Bosnia and Herzegovina,521.24,173.34,168.38,59.94
Ecuador,484.15,179.44,120.11,137.05
Côte d'Ivoire,477.33,177.98,131.22,103.93
Russia,487.28,177.98,98.09,121.34
Mexico,405.87,254.28,111.77,109.39
France,294.82,374.19,121.57,90.45
Algeria,368.16,303.47,92.15,108.07
Slovakia,419.43,311.43,68.96,57.56
Ukraine,318.14,245.05,181.29,61.11
Northern Ireland,476.72,218.78,73.28,28.52
Ghana,433.86,137.49,142.42,79.55
Iceland,366.76,242.98,131.83,50.33
Cape Verde Islands,400.79,191.68,118.63,51.39
Hungary,487.25,114.92,78.14,79.14
USA,303.54,168.82,205.48,81.47
Denmark,386.68,171.27,118.59,66.71
Albania,363.33,216.95,90.20,52.63
Greece,251.68,230.00,141.63,94.19
Poland,405.03,181.29,59.12,66.95
Senegal,381.68,183.39,80.54,32.87
Costa Rica,171.92,293.73,155.30,50.19
Tunisia,268.54,231.81,100.91,67.22
Republic of Ireland,421.49,118.72,62.91,56.23
IR Iran,379.16,121.51,89.02,61.10
Scotland,314.72,154.28,141.55,38.91
Sweden,345.69,104.01,127.33,69.86
Norway,405.74,95.91,71.29,64.52
Paraguay,405.00,60.61,81.93,62.88
Korea Republic,376.73,101.26,61.25,66.68
Serbia,323.24,101.57,142.87,37.82
Japan,342.73,124.81,66.20,68.89
Cameroon,274.86,178.55,94.98,49.03
Congo,317.97,153.40,62.53,58.96
Guinea,304.18,154.75,76.05,54.38
Trinidad and Tobago,292.68,176.56,66.91,51.86
Congo DR,315.56,151.81,70.62,49.06
Finland,328.63,114.06,103.10,39.97
Egypt,251.90,196.59,87.19,47.09
Peru,321.84,104.46,109.38,46.96
Nigeria,255.89,147.04,128.99,49.74
Australia,410.23,43.80,62.49,56.85
Jamaica,430.94,20.60,49.32,58.45
Israel,266.99,170.45,89.88,31.86
Mali,267.52,89.61,88.13,107.05
Slovenia,204.60,170.14,135.32,37.06
Panama,239.21,95.68,117.73,62.35
Bulgaria,213.47,138.16,58.99,86.74
United Arab Emirates,275.43,85.58,98.45,35.91
Uganda,287.73,91.03,64.63,47.17
Equatorial Guinea,360.50,39.35,20.38,66.44
Belarus,328.02,49.42,58.09,43.50
Uzbekistan,226.50,96.04,99.98,54.33
Zambia,259.83,76.42,50.60,89.79
Haiti,284.41,49.51,65.00,71.54
Gabon,212.18,137.82,52.77,66.85
South Africa,198.99,142.59,92.88,26.11
Cyprus,268.36,121.58,31.97,22.57
Bolivia,261.91,18.80,68.68,92.41
Montenegro,166.75,121.36,68.61,68.93
Morocco,251.39,58.73,69.30,42.46
Saudi Arabia,242.31,88.45,56.15,30.47
Antigua and Barbuda,192.58,158.31,47.92,17.74
Jordan,201.88,83.76,84.00,41.17
Venezuela,231.84,0.00,120.46,55.76
China PR,229.77,92.36,42.20,39.05
Qatar,219.63,103.21,43.04,31.61
Liberia,274.48,38.06,43.18,38.65
Iraq,200.98,113.52,35.64,41.89
Togo,95.09,154.28,77.17,59.05
Faroe Islands,378.68,0.00,6.38,0.00
Estonia,203.01,98.94,38.08,29.73
Guatemala,140.87,150.45,14.71,61.21
Oman,159.87,96.94,53.95,54.24
Burkina Faso,123.44,96.02,120.97,22.77
El Salvador,174.97,83.80,63.13,39.58
Honduras,108.28,53.48,137.80,59.18
Rwanda,181.11,113.87,27.91,32.75
Malawi,211.00,83.72,28.34,27.80
Angola,159.46,89.51,43.83,51.32
Latvia,180.24,97.55,43.53,20.69
Nicaragua,292.29,0.00,14.92,33.76
St Kitts and Nevis,210.38,94.14,0.00,35.11
Canada,214.90,42.30,17.65,60.08
Benin,123.25,95.72,49.54,64.07
Mauritania,222.53,58.58,46.99,0.00
Niger,203.00,56.35,26.86,41.23
Botswana,170.18,80.43,60.13,15.90
Burundi,200.08,45.41,41.72,33.40
Cuba,169.15,13.05,120.52,9.30
Zimbabwe,158.95,76.98,35.95,32.86
Central African Republic,203.15,10.75,0.00,88.51
Georgia,177.27,49.88,22.17,51.93
Aruba,193.80,83.40,0.00,22.07
Libya,80.26,84.22,71.94,61.07
Ethiopia,140.48,45.80,59.54,47.94
Bahrain,145.30,81.98,42.94,22.96
Azerbaijan,166.13,21.51,78.38,26.91
Belize,248.63,0.00,24.76,19.01
Madagascar,203.66,73.53,0.00,12.90
Namibia,148.68,73.35,29.29,38.49
Korea DPR,185.80,8.16,30.66,63.54
Sierra Leone,87.39,77.46,61.51,54.72
Turkmenistan,195.08,32.25,19.35,33.97
Lithuania,93.16,111.06,52.13,22.34
Kyrgyz Republic,195.08,35.80,45.89,0.00
Kenya,131.23,64.80,45.86,32.11
Mozambique,99.34,100.62,37.96,36.01
Armenia,62.94,48.87,133.80,24.96
Sudan,124.31,98.14,18.10,26.72
St Vincent and the Grenadines,114.71,89.75,23.76,34.17
Swaziland,208.29,40.02,4.94,5.16
Kazakhstan,152.51,51.49,34.17,17.66
Syria,186.08,32.25,30.06,5.16
Kuwait,125.04,54.40,44.55,27.64
South Sudan,223.13,18.49,0.00,3.96
Tanzania,99.03,81.77,38.06,26.07
Chad,141.31,54.61,0.00,44.12
Philippines,116.18,58.99,36.12,24.62
Palestine,84.08,100.61,26.41,22.20
FYR Macedonia,47.08,64.23,64.50,53.72
Lebanon,100.56,49.05,32.36,46.08
Guinea-Bissau,104.90,102.30,0.00,9.12
Barbados,117.58,67.58,0.00,20.47
St Lucia,109.08,53.73,12.51,28.25
Thailand,159.46,7.91,29.89,5.16
Hong Kong,140.25,12.33,35.93,10.32
Luxembourg,87.56,52.42,45.14,11.86
Vietnam,101.19,61.77,12.02,18.14
Lesotho,57.38,85.30,34.40,15.87
Dominican Republic,0.00,76.04,54.89,55.95
Curaçao,102.53,60.80,0.00,18.86
Bermuda,153.91,0.00,0.00,27.46
Guyana,144.67,10.63,0.00,24.10
Singapore,123.52,21.34,26.52,7.79
Moldova,33.83,46.60,73.97,22.87
Guam,111.99,32.13,15.66,10.32
Afghanistan,54.31,47.30,48.02,17.92
São Tomé e Príncipe,117.30,0.00,0.00,48.02
Malta,97.85,12.50,32.54,20.70
New Zealand,27.54,11.54,69.67,54.33
Tajikistan,55.98,32.87,47.21,22.95
Myanmar,47.45,60.84,30.22,18.92
Timor-Leste,127.50,17.60,0.00,10.32
Liechtenstein,104.23,27.76,17.70,4.29
Samoa,127.50,0.00,0.00,24.79
American Samoa,127.50,0.00,0.00,17.00
Maldives,45.54,54.67,24.12,16.74
Grenada,53.72,29.55,53.70,0.00
Gambia,95.52,0.00,27.86,12.04
Cook Islands,127.50,0.00,0.00,4.25
Puerto Rico,76.33,22.95,0.00,29.94
Malaysia,62.95,31.21,21.98,11.21
India,58.44,22.62,28.38,12.23
Mauritius,101.15,0.00,16.07,0.00
Indonesia,51.57,29.66,20.11,6.77
Dominica,76.39,14.11,0.00,13.20
Laos,22.39,36.27,21.77,10.03
Comoros,53.98,32.08,2.58,0.00
US Virgin Islands,87.98,0.00,0.00,0.00
Yemen,50.15,20.18,0.00,10.84
Bangladesh,38.01,21.30,17.69,3.44
New Caledonia,0.00,0.00,23.72,56.53
Bhutan,79.69,0.00,0.00,0.00
Cambodia,56.95,21.25,0.00,0.00
Suriname,0.00,23.83,29.30,23.96
Pakistan,50.83,0.00,19.81,5.68
Brunei Darussalam,63.75,0.00,0.00,10.32
Chinese Taipei,54.49,0.00,10.09,6.88
Montserrat,21.25,33.00,0.00,13.20
Seychelles,27.92,32.56,0.00,0.00
Fiji,51.00,0.00,0.00,8.50
Tahiti,0.00,0.00,20.27,35.42
Nepal,29.75,0.00,15.80,5.85
Cayman Islands,42.50,0.00,0.00,6.34
Sri Lanka,0.00,17.00,22.58,5.16
Macau,21.25,21.34,0.00,1.72
San Marino,34.65,0.00,0.00,0.00
Turks and Caicos Islands,0.00,33.00,0.00,0.00
British Virgin Islands,21.25,0.00,0.00,5.28
Solomon Islands,0.00,0.00,0.00,25.64
Tonga,0.00,0.00,0.00,17.00
Vanuatu,0.00,0.00,0.00,12.75
Eritrea,0.00,0.00,0.00,7.57
Mongolia,0.00,0.00,6.45,0.00
Somalia,0.00,0.00,0.00,5.59
Andorra,0.00,0.00,2.89,2.60
Papua New Guinea,0.00,0.00,0.00,4.25
Anguilla,0.00,0.00,0.00,0.00
Bahamas,0.00,0.00,0.00,0.00
Djibouti,0.00,0.00,0.00,0.00
