Team,Ranking1,Ranking2,Ranking3,Ranking4
Spain,912.48,242.57,328.20,131.11
Germany,770.63,277.61,282.54,85.57
Argentina,702.07,291.41,203.46,89.58
Croatia,712.29,255.05,171.09,83.59
Netherlands,540.33,164.80,347.91,105.38
Portugal,624.60,215.17,166.08,130.98
Colombia,684.51,301.99,58.84,78.10
Italy,612.03,221.28,170.98,92.68
England,530.73,270.56,196.98,96.74
Ecuador,731.89,200.67,53.88,79.07
Russia,584.98,250.62,136.22,87.60
Belgium,740.37,117.15,114.09,63.12
Côte d'Ivoire,532.00,244.55,154.41,91.52
Switzerland,594.58,205.92,137.67,71.78
Bosnia and Herzegovina,648.81,220.50,94.50,44.55
Greece,524.46,239.84,164.52,76.86
Mexico,474.26,238.29,123.30,92.03
France,452.88,245.42,135.60,88.47
Uruguay,270.90,370.31,177.75,94.15
Denmark,383.15,286.16,152.39,68.41
Ghana,454.62,184.25,171.50,76.20
Brazil,272.30,224.50,189.18,186.06
Mali,552.77,216.92,44.89,54.65
Czech Republic,468.88,225.00,90.98,68.48
Montenegro,527.50,57.94,200.96,54.61
Chile,329.56,241.13,160.14,110.06
Sweden,370.53,239.52,145.29,74.29
USA,423.22,170.63,102.95,101.48
Norway,375.62,155.65,166.53,96.57
Peru,433.92,210.03,68.88,78.67
Nigeria,532.02,89.26,66.32,97.65
Japan,346.06,156.33,212.51,49.71
Hungary,405.61,221.83,96.53,34.84
Romania,456.67,132.53,89.55,71.55
Algeria,368.98,204.90,60.95,102.60
Serbia,385.33,112.59,133.83,91.52
Venezuela,408.59,187.02,54.14,62.36
Albania,456.98,73.75,113.59,46.09
Ukraine,429.53,107.95,58.66,90.97
Korea Republic,301.32,158.73,150.20,55.29
Republic of Ireland,211.47,265.58,110.35,71.70
Tunisia,356.90,159.87,75.73,59.05
Panama,358.99,171.57,83.30,35.05
Paraguay,243.07,203.77,124.62,68.74
Wales,310.13,271.13,24.53,32.18
Bulgaria,447.53,46.94,80.88,52.19
Australia,207.62,184.08,138.99,87.88
Costa Rica,387.67,100.16,69.54,60.11
Zambia,275.30,213.34,63.95,49.05
Jamaica,346.04,103.11,115.46,37.56
Burkina Faso,402.14,28.43,96.73,66.56
Honduras,321.30,123.23,70.97,66.84
Bolivia,452.38,69.50,14.07,42.00
Turkey,195.50,172.77,126.09,78.63
Slovenia,179.17,131.68,141.85,115.35
Slovakia,241.00,100.91,139.93,83.12
New Zealand,318.55,112.62,82.06,37.55
Uzbekistan,302.76,163.04,62.79,21.61
Central African Republic,341.49,90.52,111.07,0.00
South Africa,282.24,71.54,150.88,37.20
Iceland,436.88,58.13,14.21,32.25
Israel,330.05,26.79,122.75,60.01
Haiti,287.83,152.72,56.39,41.55
Equatorial Guinea,370.23,129.32,23.84,0.00
Cameroon,268.52,120.28,51.74,76.43
Poland,269.07,144.84,65.26,38.23
IR Iran,205.24,154.44,96.05,50.20
Belarus,246.27,98.72,124.71,36.58
Libya,205.30,176.32,98.56,17.95
Sierra Leone,232.57,182.57,82.04,0.00
Egypt,185.40,123.65,58.02,123.94
Cape Verde Islands,264.76,118.68,84.79,17.62
Togo,327.26,102.23,17.90,35.56
Scotland,184.73,190.00,52.91,53.50
Jordan,250.00,114.76,72.83,34.37
Austria,226.88,135.48,54.75,52.13
Morocco,217.67,113.87,97.04,34.31
FYR Macedonia,296.40,82.33,24.81,56.84
Congo DR,337.41,67.98,45.02,3.98
Congo,235.57,181.50,22.45,12.14
Trinidad and Tobago,248.56,117.25,52.48,28.29
Gabon,174.81,152.78,38.27,78.61
Canada,208.71,122.65,57.88,53.56
Finland,231.06,110.89,50.55,49.76
Guinea,179.31,137.19,99.15,22.77
El Salvador,150.54,182.90,42.92,52.86
United Arab Emirates,277.90,72.85,35.50,37.66
Guatemala,209.40,143.31,38.33,18.97
Estonia,150.61,139.98,77.01,40.41
Armenia,107.50,167.54,95.91,36.69
Angola,191.40,129.14,47.65,37.83
Cuba,317.35,9.97,78.50,0.00
Uganda,227.58,72.01,55.31,46.41
Dominican Republic,269.17,106.81,19.80,0.00
China PR,147.85,129.63,70.30,44.94
Georgia,203.60,51.57,123.00,12.99
New Caledonia,287.67,70.88,12.75,0.00
Iraq,135.58,141.76,55.79,36.40
Senegal,90.73,107.87,137.92,29.48
Liberia,220.36,77.45,58.05,0.00
Oman,189.26,98.07,34.02,30.11
Zimbabwe,180.08,72.53,72.76,24.25
Mozambique,205.44,72.97,39.64,30.80
Qatar,151.16,94.04,61.69,31.13
Lithuania,157.00,42.32,75.36,54.85
Ethiopia,211.69,72.69,38.13,5.10
Niger,156.52,93.01,75.20,0.00
Saudi Arabia,149.41,94.60,40.13,38.39
Malawi,153.77,45.50,72.61,45.37
Tanzania,218.66,51.39,34.95,11.70
Kuwait,121.34,103.63,46.39,43.42
Tajikistan,184.73,84.24,25.80,17.34
Suriname,191.40,58.10,59.87,1.70
Korea DPR,131.92,123.59,28.69,24.30
Benin,64.93,139.54,36.98,66.78
Northern Ireland,157.43,47.14,76.47,23.11
Bahrain,120.79,98.02,26.91,46.02
Azerbaijan,133.67,72.15,54.35,30.84
Latvia,72.89,121.18,27.14,65.94
Namibia,156.16,98.29,5.72,20.33
Antigua and Barbuda,122.96,94.12,59.39,3.81
Cyprus,135.00,37.14,40.62,56.26
Kenya,131.12,94.92,26.50,15.23
Grenada,178.99,30.31,53.33,3.23
Burundi,133.87,88.80,33.48,0.00
Guyana,79.38,101.17,55.17,13.77
Botswana,88.42,35.63,100.64,19.89
Puerto Rico,129.36,71.98,39.60,0.00
Belize,121.15,104.78,13.15,0.00
St Vincent and the Grenadines,141.68,68.48,26.07,1.70
Lebanon,130.98,93.74,0.00,8.34
Turkmenistan,121.26,76.33,18.78,15.19
Vietnam,61.37,136.10,14.89,18.35
Moldova,112.00,28.22,57.75,32.50
Sudan,93.24,66.40,62.80,1.42
Sudan,93.24,66.40,62.80,1.42
Rwanda,92.59,99.44,19.31,13.01
St Kitts and Nevis,66.00,88.00,56.93,7.07
Syria,86.70,60.75,36.48,31.15
Tahiti,121.92,79.79,13.26,0.00
Afghanistan,150.50,39.68,19.35,0.00
St Lucia,182.95,21.63,5.50,0.00
Thailand,93.67,62.07,30.62,22.76
Kyrgyz Republic,193.50,0.00,7.74,4.91
Philippines,126.10,57.10,18.56,1.70
Luxembourg,56.94,85.59,31.71,11.70
Kazakhstan,81.21,41.39,44.48,12.50
Hong Kong,106.86,39.93,20.53,10.99
India,119.22,26.93,14.38,17.34
Barbados,143.26,9.43,22.44,0.00
Aruba,104.98,57.73,0.00,0.00
Palestine,85.02,57.01,14.74,5.41
Bangladesh,81.70,56.82,7.74,14.34
Lesotho,101.53,43.14,0.00,11.76
Chad,0.00,136.53,15.18,0.00
Myanmar,106.57,27.77,4.30,10.20
Malta,50.25,80.03,11.70,6.47
Maldives,87.55,28.05,18.16,11.90
Liechtenstein,47.50,30.00,57.64,9.93
Malaysia,67.37,39.07,24.05,13.09
São Tomé e Príncipe,0.00,144.05,0.00,0.00
Bermuda,0.00,138.60,0.00,0.00
Faroe Islands,0.00,93.75,16.61,27.70
Gambia,0.00,86.09,32.90,18.56
Nicaragua,49.72,79.15,9.20,0.00
Singapore,68.26,36.61,12.00,17.28
Solomon Islands,80.99,48.80,0.00,0.00
Dominica,66.00,0.00,52.67,5.10
Laos,73.46,32.25,12.45,0.00
Pakistan,77.94,24.94,8.20,6.80
Indonesia,39.90,32.66,35.25,7.74
Nepal,24.19,46.46,25.80,12.04
Sri Lanka,64.50,19.71,5.37,9.37
Yemen,19.35,19.78,22.38,34.13
Mauritania,91.85,0.00,2.58,0.00
Chinese Taipei,32.25,38.09,13.30,6.80
Bahamas,0.00,66.00,0.00,0.00
Montserrat,66.00,0.00,0.00,0.00
Curaçao,0.00,42.68,19.11,2.89
Guam,51.96,12.83,0.00,0.00
Swaziland,34.40,12.29,7.42,10.60
Guinea-Bissau,0.00,22.79,38.96,0.00
Mongolia,21.50,32.25,7.74,0.00
Fiji,21.25,39.60,0.00,0.00
Madagascar,0.00,26.88,27.74,0.00
Mauritius,34.40,17.92,0.00,0.00
Brunei Darussalam,51.60,0.00,0.00,0.00
Timor-Leste,51.60,0.00,0.00,0.00
Samoa,0.00,46.48,0.00,0.00
Cambodia,0.00,32.25,12.90,0.00
Tonga,0.00,42.50,0.00,1.70
Vanuatu,0.00,40.08,2.55,0.00
Comoros,8.60,6.14,18.32,7.65
US Virgin Islands,0.00,39.11,0.00,0.00
Papua New Guinea,21.25,17.00,0.00,0.00
British Virgin Islands,26.40,0.00,7.92,0.00
Cayman Islands,0.00,13.20,19.80,0.00
American Samoa,0.00,30.36,0.00,0.00
Eritrea,0.00,18.92,0.00,5.10
Seychelles,0.00,21.50,0.00,0.00
South Sudan,19.78,0.00,0.00,0.00
Cook Islands,0.00,8.85,0.00,6.80
Macau,6.14,0.00,7.74,0.00
Somalia,0.00,13.98,0.00,0.00
Djibouti,0.00,10.75,0.00,0.00
Andorra,0.00,7.58,0.00,0.00
Anguilla,0.00,4.40,0.00,0.00
Bhutan,0.00,0.00,0.00,0.00
San Marino,0.00,0.00,0.00,0.00
Turks and Caicos Islands,0.00,0.00,0.00,0.00
