Team,Ranking1,Ranking2,Ranking3,Ranking4
Germany,811.60,379.05,226.82,191.62
Brazil,1025.35,264.88,146.72,165.64
Argentina,590.38,422.95,185.17,214.03
Portugal,741.75,289.76,180.28,120.35
Switzerland,854.72,216.70,110.14,147.87
Poland,798.08,318.71,157.22,44.65
Chile,568.15,373.10,173.81,134.74
Colombia,555.48,343.39,132.79,175.98
France,596.40,361.35,86.43,154.68
Belgium,509.85,352.14,159.10,172.49
Spain,548.21,315.80,144.60,104.96
Italy,489.29,336.12,140.70,93.24
England,476.85,280.61,211.61,82.27
Peru,660.78,224.56,115.44,13.68
Croatia,505.80,259.68,163.81,78.07
Mexico,504.72,328.19,72.32,97.48
Uruguay,408.25,319.74,102.20,165.19
Sweden,597.36,147.59,121.35,66.50
Iceland,484.85,204.00,171.45,66.29
Wales,307.61,314.78,245.27,54.29
Slovakia,452.57,175.11,221.36,67.67
Northern Ireland,463.47,226.67,166.83,39.68
IR Iran,551.38,159.38,131.15,51.11
Egypt,537.30,161.93,83.51,83.56
Ukraine,448.12,191.68,96.94,106.26
Costa Rica,440.85,210.03,63.08,124.64
Senegal,492.38,147.03,150.58,41.30
Congo DR,546.98,137.89,113.27,25.21
Republic of Ireland,415.95,258.56,118.12,23.28
Bosnia and Herzegovina,435.32,194.71,104.58,80.49
Ecuador,316.04,316.32,79.78,79.16
Netherlands,309.06,139.64,155.75,177.51
Turkey,305.09,302.47,85.55,85.79
Tunisia,452.69,124.26,136.49,51.00
USA,337.83,221.53,71.78,120.55
Cameroon,454.78,116.73,122.13,44.83
Austria,269.16,179.69,209.57,64.56
Greece,447.29,122.57,33.06,113.38
Nigeria,474.22,99.11,75.46,65.89
Czech Republic,324.93,163.10,177.92,48.07
Paraguay,390.68,174.94,92.41,55.76
Serbia,413.31,167.88,50.53,81.68
Romania,270.51,132.60,236.07,73.40
Burkina Faso,477.21,109.67,72.23,38.69
Australia,417.48,147.67,109.32,14.42
Japan,399.16,131.86,102.45,50.68
Denmark,354.15,107.74,142.36,79.20
Algeria,275.56,151.46,145.38,104.12
Haiti,464.46,105.73,61.36,35.80
Ghana,301.23,168.17,146.50,49.34
Korea Republic,364.86,150.30,111.58,34.85
Panama,353.20,148.32,62.79,88.35
Slovenia,374.19,112.17,93.83,72.24
Bulgaria,441.79,91.42,83.37,26.67
Montenegro,489.34,66.89,54.52,31.81
Côte d'Ivoire,268.94,148.54,147.65,66.01
Hungary,163.97,273.12,129.83,49.30
Scotland,310.03,98.82,116.97,85.68
Mali,354.09,146.60,83.43,22.72
Morocco,320.63,192.31,63.03,28.37
Saudi Arabia,327.46,180.32,48.28,44.56
Russia,240.09,174.85,96.84,78.47
Albania,227.05,135.29,199.46,20.82
South Africa,324.04,141.71,79.89,35.13
Uzbekistan,305.61,173.19,54.32,46.01
Guinea,275.88,123.17,96.04,45.61
Bolivia,373.00,39.89,84.84,34.45
Curaçao,391.85,90.31,43.21,5.28
Venezuela,219.47,148.24,78.64,74.74
Israel,279.68,70.33,125.85,36.24
Belarus,259.81,165.73,53.06,24.76
Honduras,312.29,79.27,30.88,76.38
Armenia,308.94,82.88,17.61,70.80
Uganda,224.40,145.65,80.14,26.12
United Arab Emirates,219.15,114.02,73.52,51.83
Jamaica,150.61,185.29,82.12,24.39
China PR,216.92,108.64,81.44,33.92
Trinidad and Tobago,140.89,153.48,95.94,45.45
Qatar,216.80,127.50,50.76,40.01
Azerbaijan,295.71,48.92,29.40,52.70
Mauritania,263.85,96.36,34.97,29.75
Syria,247.42,103.35,54.72,17.14
Sierra Leone,230.35,121.37,19.64,43.26
Kenya,219.88,125.50,28.97,33.33
Guinea-Bissau,151.73,185.94,37.26,32.34
Congo,132.81,107.68,127.64,31.31
Libya,218.03,107.67,33.71,36.74
Norway,115.21,172.44,76.74,26.76
Madagascar,227.80,72.73,50.13,29.41
Faroe Islands,225.23,12.38,132.54,5.67
Gabon,191.17,55.26,101.09,25.34
Zambia,176.00,89.61,80.61,23.01
Benin,91.80,181.08,49.34,43.60
Palestine,192.46,95.14,21.97,54.32
Cyprus,157.22,94.67,89.42,16.75
India,245.31,58.03,25.50,11.72
Mozambique,154.40,93.78,66.32,21.44
Estonia,168.57,66.85,73.90,24.58
Lithuania,184.39,68.97,46.75,32.95
Canada,156.02,105.58,54.51,14.47
Zimbabwe,155.81,94.38,40.73,33.56
Guatemala,142.12,116.77,60.64,0.00
Iraq,134.05,87.60,61.50,35.78
El Salvador,154.13,70.63,49.34,44.53
Nicaragua,140.31,129.68,42.50,0.00
Kazakhstan,124.46,130.38,26.99,25.91
Suriname,260.10,33.15,6.38,5.28
Jordan,90.43,128.86,30.78,49.50
Togo,137.24,65.92,63.89,29.15
Finland,37.51,175.20,31.19,49.18
Malawi,152.58,61.84,62.63,14.36
Georgia,141.63,114.87,7.00,26.89
Korea DPR,133.36,114.92,39.54,0.00
Tanzania,143.23,98.90,17.05,27.63
Cape Verde Islands,35.88,120.59,119.96,7.07
Niger,144.93,53.35,57.69,26.75
Antigua and Barbuda,79.05,126.97,69.75,0.00
Equatorial Guinea,73.44,64.28,118.97,15.74
Central African Republic,91.80,175.14,0.00,4.30
Oman,101.91,87.17,30.24,51.55
Burundi,118.58,96.52,30.81,15.69
New Zealand,110.35,128.96,5.71,13.05
Bahrain,111.05,75.70,39.54,30.38
St Kitts and Nevis,40.40,155.12,59.80,0.00
Lebanon,155.98,51.54,24.23,23.15
Philippines,122.52,68.15,37.08,21.66
Kyrgyz Republic,92.41,123.40,19.13,12.73
Rwanda,70.13,61.00,87.23,29.18
Andorra,240.08,4.15,0.00,2.20
Latvia,59.40,82.08,63.06,37.16
Thailand,85.58,105.92,40.27,3.16
Swaziland,55.76,115.95,46.75,13.99
Vietnam,104.20,79.20,23.36,24.25
FYR Macedonia,115.58,40.69,28.55,43.40
Luxembourg,83.55,93.39,13.22,32.91
Ethiopia,85.68,55.35,55.54,18.22
Turkmenistan,63.75,117.48,20.27,12.90
Lesotho,99.24,46.51,32.32,26.02
Botswana,22.44,120.54,32.18,28.43
Comoros,104.41,81.55,4.13,12.83
Angola,75.70,39.99,49.78,35.44
Maldives,145.21,34.00,0.00,19.56
New Caledonia,143.08,53.13,0.00,0.00
South Sudan,95.63,92.97,0.00,7.40
Hong Kong,89.76,65.75,31.37,5.16
Yemen,106.68,57.73,21.37,5.73
Chinese Taipei,142.27,24.44,12.10,6.09
Tahiti,127.50,53.12,0.00,0.00
Tajikistan,80.54,66.94,17.34,13.73
Liberia,0.00,148.48,7.91,15.22
Chad,0.00,146.63,0.00,21.84
Puerto Rico,8.50,127.71,30.56,0.00
Mauritius,51.96,96.97,11.12,5.80
Solomon Islands,124.84,37.19,0.00,0.00
Afghanistan,61.93,48.34,29.33,20.53
Namibia,10.20,84.73,42.05,22.47
Myanmar,74.38,43.92,26.03,12.90
Moldova,78.40,11.00,24.75,40.05
Dominican Republic,43.86,68.21,31.94,0.00
Guyana,0.00,108.38,26.33,0.00
Gambia,46.92,29.93,36.29,18.58
Papua New Guinea,54.19,76.10,0.00,0.00
Grenada,55.08,42.50,23.13,7.57
Cuba,0.00,58.08,37.80,27.40
Bhutan,85.00,0.00,38.25,0.00
Sudan,0.00,22.71,76.50,23.58
Malaysia,45.05,44.78,14.47,15.10
Belize,43.11,20.83,55.01,0.00
Singapore,29.98,44.63,29.09,13.90
Nepal,77.71,23.91,6.38,8.97
Laos,65.52,29.17,13.65,7.91
Aruba,0.00,53.55,26.01,33.36
Kuwait,0.00,54.64,30.11,26.09
Cambodia,59.77,31.06,19.91,0.00
Indonesia,73.22,0.00,21.11,15.95
São Tomé e Príncipe,0.00,98.28,0.00,0.00
Dominica,34.00,31.88,19.57,5.03
Kosovo,57.34,32.97,0.00,0.00
St Vincent and the Grenadines,0.00,25.24,48.56,14.64
Fiji,46.04,41.17,0.00,0.00
Barbados,0.00,39.10,45.32,0.00
Macau,54.64,8.50,19.18,0.00
St Lucia,25.50,0.00,34.96,17.53
Bermuda,25.50,0.00,46.17,0.00
American Samoa,0.00,63.75,0.00,0.00
Cook Islands,0.00,63.75,0.00,0.00
Djibouti,63.75,0.00,0.00,0.00
Guam,0.00,17.71,35.91,8.62
Brunei Darussalam,42.50,0.00,19.13,0.00
Bangladesh,21.25,14.61,20.13,3.61
Malta,10.27,19.45,21.93,4.29
Liechtenstein,11.39,0.00,44.22,0.00
Samoa,0.00,53.13,0.00,0.00
Vanuatu,0.00,51.35,0.00,0.00
Seychelles,6.07,29.16,5.47,10.53
Timor-Leste,6.07,8.26,27.89,0.00
Sri Lanka,8.50,12.75,7.29,5.16
Mongolia,25.50,4.25,0.00,0.00
US Virgin Islands,0.00,0.00,26.39,0.00
Pakistan,0.00,0.00,15.25,8.60
Montserrat,0.00,0.00,6.38,13.20
Turks and Caicos Islands,0.00,0.00,0.00,13.20
Cayman Islands,0.00,0.00,12.75,0.00
San Marino,0.00,0.00,11.88,0.00
British Virgin Islands,0.00,0.00,6.38,0.00
Anguilla,0.00,0.00,0.00,0.00
Bahamas,0.00,0.00,0.00,0.00
Eritrea,0.00,0.00,0.00,0.00
Gibraltar,0.00,0.00,0.00,0.00
Somalia,0.00,0.00,0.00,0.00
Tonga,0.00,0.00,0.00,0.00
