Team,Ranking1,Ranking2,Ranking3,Ranking4
Argentina,599.70,514.45,195.28,115.43
Belgium,530.35,431.23,235.47,46.86
Germany,357.08,556.49,149.24,163.67
Colombia,442.63,439.96,237.84,97.33
Brazil,558.94,365.37,191.13,70.31
Portugal,600.93,300.87,139.36,135.90
Romania,786.91,183.50,133.37,62.65
England,705.38,205.69,105.27,140.50
Wales,817.58,135.72,93.04,108.45
Chile,579.37,336.86,117.44,89.86
Spain,481.99,262.39,202.99,163.08
Netherlands,308.58,481.81,188.63,52.81
Croatia,546.05,195.18,168.99,112.35
Slovakia,737.88,169.17,68.82,40.36
Austria,698.57,161.41,103.75,52.08
Italy,469.01,233.11,163.25,135.69
Switzerland,367.14,369.69,178.06,82.37
Uruguay,340.67,412.97,108.03,126.72
Algeria,484.60,260.30,120.05,76.30
Czech Republic,593.07,120.17,110.06,109.77
Côte d'Ivoire,492.15,176.75,148.02,95.02
Albania,664.86,52.05,135.99,35.40
France,288.09,386.70,108.37,98.89
Iceland,571.49,165.73,116.50,23.25
Denmark,474.54,198.00,88.22,115.25
Mexico,375.76,248.35,133.55,80.52
Ghana,488.33,123.34,141.77,73.70
Bosnia and Herzegovina,348.60,201.21,193.27,75.76
USA,336.44,233.26,194.58,51.29
Ukraine,323.14,265.65,144.60,57.46
Russia,322.79,196.18,148.79,114.05
Scotland,389.89,214.21,93.98,76.00
Poland,524.06,111.63,67.42,65.60
Tunisia,454.98,156.48,86.10,70.26
Hungary,432.75,123.25,116.96,90.45
Ecuador,265.93,197.91,176.22,117.51
Sweden,404.51,166.25,87.83,93.29
Costa Rica,210.80,345.07,130.12,41.99
Senegal,501.93,123.53,52.89,43.35
Northern Ireland,556.12,99.19,47.23,18.86
IR Iran,437.18,127.78,90.60,62.63
Cameroon,407.09,109.12,104.61,46.53
Congo,450.08,93.89,54.87,67.03
Greece,110.20,283.45,163.63,103.39
Turkey,285.17,214.48,58.65,69.11
Slovenia,312.78,180.61,79.65,52.67
Israel,419.51,90.59,99.02,10.71
Venezuela,262.14,186.85,121.35,46.89
Peru,384.81,34.21,154.95,37.57
Cape Verde Islands,399.86,17.67,140.29,50.31
Republic of Ireland,393.74,58.20,76.97,78.98
Egypt,278.38,208.89,65.31,53.31
Nigeria,259.01,168.74,131.91,40.92
Korea Republic,368.49,96.47,65.69,68.51
Jamaica,433.57,60.98,70.96,30.92
Trinidad and Tobago,398.30,76.53,73.52,46.90
Japan,318.72,121.58,81.52,73.05
Paraguay,308.03,139.41,72.92,67.70
Congo DR,377.55,60.75,79.42,37.31
Guinea,320.12,92.45,88.70,50.30
Australia,364.41,40.13,71.60,74.77
Equatorial Guinea,396.56,39.35,57.92,52.41
Mali,278.09,50.82,118.27,97.60
Gabon,362.88,63.34,50.88,67.25
Panama,278.89,64.83,120.87,63.63
Serbia,168.42,204.20,104.04,46.00
Bolivia,282.80,86.13,98.08,47.90
Norway,255.81,66.90,113.23,59.05
Bulgaria,277.91,66.69,125.69,18.78
United Arab Emirates,245.05,129.58,83.37,26.32
Burkina Faso,240.77,102.86,127.43,10.50
South Africa,266.31,91.25,86.06,34.30
Zambia,268.71,42.14,65.31,88.57
Uganda,268.42,75.35,81.55,37.60
Faroe Islands,441.79,14.17,0.00,0.00
Uzbekistan,181.07,115.03,94.57,61.65
Montenegro,181.74,79.52,138.47,23.18
Estonia,246.33,61.45,43.72,68.91
China PR,253.36,74.85,37.10,50.20
Togo,212.97,72.89,84.93,44.20
Honduras,105.46,143.15,124.25,35.88
Cyprus,298.06,41.88,36.00,14.86
Morocco,210.09,59.89,72.44,48.10
Haiti,245.61,0.00,79.93,61.09
Iraq,205.01,89.44,34.70,56.97
Latvia,210.19,92.89,19.68,53.86
Sudan,255.00,65.97,28.11,25.71
Armenia,58.69,177.00,70.08,67.02
Angola,165.94,109.54,45.50,50.47
Finland,103.95,122.95,95.36,48.79
Rwanda,202.05,96.35,32.99,38.02
Jordan,102.61,123.74,81.86,49.24
Saudi Arabia,160.94,111.40,47.67,30.75
Libya,112.37,91.85,58.95,82.18
Qatar,175.53,93.47,38.51,36.94
Belarus,176.85,61.89,74.34,28.23
Mozambique,193.60,66.88,48.58,29.67
Malawi,196.99,80.72,22.50,35.07
Ethiopia,185.13,46.14,58.25,40.32
Oman,100.80,128.87,56.89,42.97
Canada,193.85,18.42,55.40,55.68
Niger,192.31,39.47,45.41,34.34
FYR Macedonia,95.18,108.51,74.10,32.93
Sierra Leone,37.31,140.02,53.74,72.62
Antigua and Barbuda,232.51,0.00,34.23,36.67
Azerbaijan,98.01,131.76,40.21,31.75
Lithuania,155.82,82.38,42.19,20.67
Zimbabwe,135.76,96.55,35.73,31.31
Guatemala,190.45,0.00,53.55,55.13
El Salvador,173.33,0.00,58.18,57.60
Namibia,140.17,69.80,31.73,42.79
Bahrain,131.81,75.96,39.86,34.31
Mauritania,163.20,62.77,47.06,0.00
Benin,63.75,132.81,22.83,49.14
St Vincent and the Grenadines,161.85,36.61,42.50,27.39
Kenya,108.01,85.03,36.95,35.75
Syria,182.39,42.85,26.01,7.91
Palestine,73.23,135.81,26.41,19.43
St Kitts and Nevis,199.33,0.00,19.80,35.20
Cuba,143.13,13.05,93.48,3.99
Botswana,80.72,104.35,50.99,17.10
Madagascar,167.09,73.53,0.00,10.75
Belize,183.36,0.00,24.76,33.88
Korea DPR,149.72,0.00,37.11,53.24
Philippines,123.61,54.15,37.97,23.44
Kuwait,100.38,65.22,36.26,35.51
Moldova,82.50,100.12,41.78,11.29
Lesotho,69.79,117.33,24.27,17.64
Dominican Republic,106.46,0.00,80.75,36.91
Lebanon,80.75,57.87,45.25,39.54
St Lucia,116.52,43.82,54.89,4.84
Swaziland,155.82,48.72,8.14,5.73
Burundi,105.40,39.10,41.72,31.57
Afghanistan,97.75,51.31,45.15,17.92
Bermuda,153.91,0.00,0.00,55.44
New Zealand,19.04,32.64,118.31,38.78
Aruba,86.70,83.40,12.80,17.95
Barbados,151.07,0.00,42.98,3.77
Thailand,134.25,7.91,32.19,22.72
Tanzania,50.54,76.09,39.69,27.63
Kazakhstan,89.97,64.79,21.32,16.56
Gambia,120.96,46.44,0.00,24.04
Guinea-Bissau,81.26,102.30,0.00,7.60
Nicaragua,141.67,0.00,14.92,31.66
Luxembourg,44.06,82.27,21.53,39.13
Guam,129.63,32.13,14.84,8.58
Liechtenstein,147.40,0.00,22.20,12.00
Curaçao,144.03,13.20,0.00,15.65
Turkmenistan,67.58,32.25,36.38,35.83
Puerto Rico,101.86,0.00,38.81,28.79
Hong Kong,104.55,12.90,32.06,18.63
Guyana,103.70,0.00,28.58,34.24
Vietnam,77.86,60.63,14.07,13.73
Georgia,23.34,67.23,54.29,20.63
Singapore,96.95,34.76,24.51,5.42
Kyrgyz Republic,63.75,31.83,64.24,0.00
India,85.00,29.29,35.77,9.75
Tajikistan,57.80,34.31,55.42,11.66
Malta,73.10,10.71,41.15,32.01
Grenada,64.35,18.92,53.70,15.59
Liberia,26.35,38.06,55.43,30.62
Myanmar,80.23,32.25,29.51,0.00
Timor-Leste,114.96,0.00,15.48,0.00
Bhutan,127.50,0.00,0.00,0.00
Suriname,21.25,13.20,68.90,21.13
Indonesia,67.43,40.82,10.88,5.23
New Caledonia,0.00,0.00,83.19,34.79
Malaysia,48.24,37.76,19.35,10.79
Central African Republic,0.00,10.75,44.51,55.31
Bangladesh,67.09,9.03,24.51,1.72
Pakistan,50.83,21.50,23.38,5.68
Chad,0.00,54.61,0.00,45.51
Dominica,65.22,12.57,19.80,0.00
Yemen,71.23,14.33,0.00,10.84
Maldives,0.00,48.90,26.26,14.42
US Virgin Islands,87.98,0.00,0.00,0.00
Laos,45.51,19.78,20.34,0.00
Montserrat,21.25,33.00,19.80,0.00
Chinese Taipei,40.33,15.22,9.68,6.88
Cambodia,66.36,0.00,0.00,0.00
Mauritius,37.08,0.00,18.75,6.88
Sri Lanka,24.29,12.90,19.35,5.16
Brunei Darussalam,45.54,0.00,15.48,0.00
Nepal,21.25,22.42,7.26,5.89
Seychelles,22.29,26.32,0.00,7.64
Comoros,13.77,32.08,2.58,1.43
Tahiti,0.00,0.00,11.26,38.28
Macau,29.92,17.00,2.15,0.00
São Tomé e Príncipe,0.00,0.00,0.00,48.02
Cayman Islands,42.50,0.00,0.00,5.28
Solomon Islands,0.00,0.00,25.82,21.29
San Marino,39.60,0.00,0.00,0.00
Turks and Caicos Islands,0.00,33.00,0.00,0.00
British Virgin Islands,21.25,0.00,0.00,5.28
South Sudan,0.00,18.49,0.00,3.96
Vanuatu,0.00,0.00,0.00,20.06
Samoa,0.00,0.00,0.00,18.59
Tonga,0.00,0.00,0.00,17.00
Fiji,0.00,0.00,0.00,17.00
American Samoa,0.00,0.00,0.00,12.14
Papua New Guinea,0.00,0.00,0.00,9.21
Andorra,0.00,5.50,0.00,3.03
Eritrea,0.00,0.00,0.00,7.57
Mongolia,0.00,0.00,6.45,0.00
Somalia,0.00,0.00,0.00,5.59
Djibouti,0.00,0.00,0.00,4.30
Cook Islands,0.00,0.00,0.00,3.54
Bahamas,0.00,0.00,0.00,0.00
Anguilla,0.00,0.00,0.00,0.00
