Team,Ranking1,Ranking2,Ranking3,Ranking4
Belgium,764.94,424.52,195.88,108.43
Argentina,662.66,468.79,177.27,146.75
Spain,783.37,210.21,209.91,166.14
Germany,478.66,545.27,170.05,153.17
Chile,763.35,261.87,188.15,55.47
Brazil,584.70,398.02,200.50,68.24
Portugal,635.88,285.13,183.39,114.73
Colombia,459.85,402.99,189.69,158.85
England,595.78,261.66,136.51,111.75
Austria,641.95,274.35,124.35,50.03
Uruguay,532.30,292.93,187.79,60.67
Switzerland,490.21,261.83,186.57,110.98
Ecuador,594.08,196.02,109.78,139.82
Netherlands,308.22,442.14,158.31,85.71
Italy,442.43,259.76,161.61,126.73
Romania,465.23,312.74,117.17,85.34
Wales,622.99,216.61,103.88,30.86
Croatia,493.37,229.99,129.08,105.11
Côte d'Ivoire,531.11,182.26,129.59,107.11
Hungary,628.32,145.90,86.83,83.49
Turkey,641.48,133.90,104.93,53.12
Bosnia and Herzegovina,506.77,173.34,151.55,73.81
Mexico,440.96,223.93,122.53,110.19
Russia,500.94,173.04,100.61,120.85
France,290.76,350.15,130.57,96.26
Slovakia,409.04,319.26,80.75,51.17
Czech Republic,368.28,298.29,111.15,82.33
Algeria,366.92,265.24,114.17,99.04
Ukraine,387.14,202.17,187.75,64.52
Northern Ireland,510.05,218.78,66.06,29.94
Republic of Ireland,583.17,124.15,66.56,35.70
USA,341.68,163.65,196.23,82.89
Ghana,406.57,158.33,131.85,79.74
Sweden,463.59,119.31,104.10,84.19
Poland,435.41,218.09,53.85,62.04
Iceland,366.76,217.70,127.80,48.30
Costa Rica,248.13,304.83,153.30,52.58
Albania,400.53,196.96,89.78,58.95
Cape Verde Islands,397.61,172.89,130.50,44.04
Tunisia,267.41,275.00,102.06,66.51
Greece,271.70,164.24,164.01,106.13
Denmark,310.70,190.27,125.44,58.92
IR Iran,386.41,106.89,133.52,45.62
Finland,422.52,94.86,101.21,44.83
Senegal,313.07,233.24,84.71,29.70
Paraguay,439.61,72.84,79.38,60.49
Peru,377.23,101.91,115.64,49.22
Congo,359.94,152.60,67.01,58.07
Guinea,258.64,221.25,87.61,56.42
Trinidad and Tobago,350.20,159.91,59.15,53.50
Korea Republic,393.37,94.02,67.93,61.62
Scotland,247.61,182.65,141.40,37.11
Japan,344.68,120.26,62.51,79.36
Norway,344.69,118.81,52.60,74.72
Jamaica,373.94,116.57,45.21,54.55
Serbia,296.07,110.26,132.19,51.02
Cameroon,244.40,175.71,116.56,49.33
Egypt,310.19,111.33,114.90,48.41
Australia,438.30,23.75,71.28,49.40
Congo DR,299.13,160.66,77.04,43.39
Slovenia,251.90,133.19,142.84,37.06
Uganda,327.44,120.23,56.79,48.29
Mali,229.27,118.93,88.13,115.25
United Arab Emirates,327.95,71.15,101.07,46.63
Panama,269.73,94.90,123.33,55.98
Nigeria,202.38,155.69,127.09,54.61
Zambia,210.16,157.87,43.59,104.03
Belarus,346.89,69.59,48.45,49.51
Equatorial Guinea,364.38,39.35,20.38,80.11
Bolivia,288.97,44.42,71.71,95.28
Israel,120.57,249.71,99.87,28.32
Bulgaria,226.29,125.44,65.54,77.10
Uzbekistan,259.32,88.85,81.39,59.51
South Africa,195.58,160.91,100.10,29.34
Saudi Arabia,307.45,60.72,88.22,17.57
Morocco,280.59,70.59,74.63,43.61
Gabon,194.38,145.96,52.56,74.80
Benin,259.68,95.72,49.54,53.39
Haiti,222.98,111.03,32.26,86.35
Cyprus,251.21,130.73,36.54,22.57
Libya,209.76,83.34,68.72,64.98
China PR,257.86,70.71,48.70,36.01
Venezuela,231.84,0.00,133.84,46.63
Qatar,233.92,91.86,44.84,33.38
Montenegro,116.94,134.18,62.76,89.49
Jordan,223.12,48.89,95.69,30.44
Iraq,271.15,64.37,26.86,32.67
Canada,254.71,63.00,14.71,55.64
Burkina Faso,112.33,121.96,119.64,31.39
Estonia,211.02,98.18,41.96,27.89
Rwanda,140.86,189.77,21.04,23.12
Antigua and Barbuda,218.88,132.95,0.00,19.22
Guatemala,152.26,150.45,16.04,49.74
Togo,95.09,128.56,93.22,51.43
Botswana,206.91,81.86,60.13,14.26
Faroe Islands,216.56,135.14,5.67,0.00
Nicaragua,321.58,0.00,14.92,20.56
Honduras,112.94,51.07,131.82,52.77
El Salvador,181.18,74.36,63.13,25.05
Oman,166.80,72.01,72.53,32.23
Kenya,204.73,53.29,54.44,26.27
Latvia,180.24,97.55,39.57,20.69
Niger,211.88,55.61,30.44,39.50
Liberia,205.86,38.06,60.45,32.21
Angola,134.73,100.55,45.39,52.58
Malawi,149.87,115.37,36.64,25.13
Kyrgyz Republic,246.80,33.48,44.06,0.00
Zimbabwe,176.61,74.46,34.86,35.93
Mozambique,152.82,97.39,36.40,29.56
Burundi,191.71,53.17,20.47,41.56
Central African Republic,203.15,10.75,0.00,88.51
Mauritania,185.44,64.44,34.02,18.37
Korea DPR,226.87,27.08,4.95,42.12
Chad,219.94,54.61,0.00,26.32
Aruba,193.80,83.40,0.00,21.00
Azerbaijan,184.70,21.30,65.70,23.86
Turkmenistan,207.98,32.25,19.35,33.97
Ethiopia,136.07,54.61,56.65,43.78
St Kitts and Nevis,169.98,94.14,0.00,24.82
Georgia,175.62,41.56,18.96,49.87
Armenia,73.43,43.44,140.57,27.58
Bahrain,150.80,64.38,50.76,18.90
Sierra Leone,116.52,60.25,59.47,48.56
Thailand,201.03,50.68,13.55,19.28
Syria,208.79,25.50,22.49,21.19
Tanzania,116.58,92.43,38.37,29.92
Lithuania,94.05,103.71,56.03,19.86
Belize,248.63,0.00,24.76,0.00
Madagascar,198.23,73.53,0.00,0.00
Sudan,124.31,86.59,31.25,29.11
Palestine,133.20,87.04,27.95,18.54
Kazakhstan,169.46,45.05,34.17,17.66
Swaziland,209.43,45.49,3.10,6.88
Namibia,125.22,81.13,27.24,31.14
Philippines,149.55,53.92,38.24,21.98
Cuba,109.26,65.77,33.26,50.78
Hong Kong,187.77,21.41,38.42,11.18
FYR Macedonia,82.11,56.20,63.81,54.83
South Sudan,223.13,18.49,0.00,3.96
Lebanon,135.70,57.12,30.85,21.82
Kuwait,126.18,48.93,47.32,19.16
Luxembourg,127.22,52.42,45.14,11.86
St Vincent and the Grenadines,95.59,89.75,0.00,35.98
St Lucia,109.08,58.33,20.43,28.25
Barbados,117.58,67.58,0.00,28.65
Vietnam,121.13,61.32,11.87,14.32
Guinea-Bissau,104.90,102.30,0.00,0.00
Singapore,130.69,25.85,26.51,13.08
Tajikistan,88.83,32.87,47.21,26.77
Curaçao,136.71,47.60,7.92,0.00
New Zealand,63.58,21.06,55.62,51.62
Lesotho,65.57,72.18,36.55,11.34
Afghanistan,87.83,47.30,48.02,0.00
Moldova,33.83,42.56,69.48,25.73
São Tomé e Príncipe,117.30,0.00,0.00,52.29
Guam,105.54,27.39,29.67,6.69
Maldives,47.81,76.54,18.09,16.81
Myanmar,47.94,48.43,45.15,13.16
Bermuda,153.91,0.00,0.00,0.00
Dominican Republic,0.00,76.04,23.60,50.29
Guyana,119.17,10.63,0.00,14.12
Malta,59.07,29.08,32.54,22.03
India,99.71,4.30,28.23,6.86
Grenada,66.47,29.55,20.43,22.18
Gambia,95.52,0.00,27.86,12.04
Liechtenstein,42.08,70.71,17.70,4.29
American Samoa,127.50,0.00,0.00,0.00
Cook Islands,127.50,0.00,0.00,0.00
Samoa,127.50,0.00,0.00,0.00
Timor-Leste,99.17,17.60,0.00,10.32
Malaysia,58.73,34.96,21.10,11.31
Mauritius,101.15,0.00,12.18,6.88
Puerto Rico,76.33,22.95,0.00,20.92
Comoros,85.64,32.08,0.00,1.72
Yemen,82.66,25.52,0.00,5.42
Dominica,76.39,9.39,7.92,13.20
US Virgin Islands,87.98,0.00,0.00,0.00
Laos,26.47,24.42,29.03,7.64
Bangladesh,39.81,21.30,22.19,3.44
Indonesia,25.50,32.54,16.61,9.84
Cambodia,61.99,21.25,0.00,0.00
Chinese Taipei,55.78,3.68,15.58,5.38
New Caledonia,0.00,0.00,23.72,56.53
Brunei Darussalam,63.75,0.00,0.00,10.32
Pakistan,50.83,0.00,21.33,0.00
Fiji,59.50,0.00,0.00,8.50
Montserrat,21.25,33.00,0.00,13.20
Sri Lanka,21.25,17.00,22.58,0.00
Suriname,0.00,10.63,7.92,38.28
Seychelles,27.92,12.75,15.79,0.00
Tahiti,0.00,0.00,20.27,35.42
Bhutan,49.04,0.00,0.00,0.00
Vanuatu,34.00,0.00,0.00,12.75
Macau,21.25,21.34,0.00,1.72
Cayman Islands,42.50,0.00,0.00,0.00
Nepal,24.79,0.00,14.05,2.46
Turks and Caicos Islands,0.00,33.00,0.00,0.00
San Marino,0.00,27.72,0.00,0.00
British Virgin Islands,21.25,0.00,0.00,5.28
Solomon Islands,0.00,0.00,0.00,25.64
Mongolia,0.00,0.00,6.45,0.00
Andorra,0.00,0.00,3.30,2.28
Papua New Guinea,0.00,0.00,0.00,4.25
Anguilla,0.00,0.00,0.00,0.00
Bahamas,0.00,0.00,0.00,0.00
Djibouti,0.00,0.00,0.00,0.00
Eritrea,0.00,0.00,0.00,0.00
Somalia,0.00,0.00,0.00,0.00
Tonga,0.00,0.00,0.00,0.00
