Team,Ranking1,Ranking2,Ranking3,Ranking4
Argentina,769.42,459.93,153.90,148.42
Belgium,592.33,464.95,165.79,128.48
Chile,850.55,244.63,175.25,77.20
Colombia,617.18,386.00,185.72,147.81
Germany,463.51,516.60,176.88,152.33
Spain,684.65,220.15,204.94,167.07
Brazil,565.90,396.63,228.82,59.58
Portugal,576.48,292.36,204.60,110.58
Uruguay,596.12,298.74,207.87,54.84
England,556.48,258.51,139.49,114.87
Austria,610.71,274.26,133.61,48.26
Ecuador,626.79,162.59,83.00,146.38
Turkey,679.94,128.44,117.82,57.18
Switzerland,390.85,272.83,203.42,107.01
Italy,411.89,259.03,167.34,120.53
Mexico,465.44,241.90,121.31,104.87
Netherlands,269.28,443.07,121.10,97.09
Hungary,600.77,169.68,71.13,83.45
Romania,370.01,344.52,120.52,87.24
Bosnia and Herzegovina,527.23,181.67,100.41,103.81
France,347.19,326.41,144.30,89.08
Ukraine,467.03,156.18,178.48,78.06
Croatia,382.82,262.13,80.68,129.99
Wales,404.91,286.28,93.06,55.13
Costa Rica,304.31,314.66,136.80,70.58
Northern Ireland,477.71,243.17,76.52,27.55
Poland,450.51,251.59,62.85,56.55
Russia,419.66,179.14,111.63,110.70
Czech Republic,357.67,271.81,93.56,86.95
USA,385.31,153.45,192.13,78.74
Republic of Ireland,553.91,144.69,48.10,45.76
Slovakia,325.55,316.82,102.45,39.44
Algeria,302.92,252.03,137.26,78.76
Côte d'Ivoire,294.49,242.56,97.88,103.45
Iceland,339.98,218.85,95.40,69.90
Sweden,378.28,152.26,109.18,73.59
Greece,240.87,178.90,176.00,98.92
Ghana,278.93,243.76,81.06,89.27
Paraguay,495.29,74.35,69.77,50.25
Scotland,287.76,188.10,178.21,33.25
Denmark,312.44,194.42,106.53,73.07
IR Iran,321.98,168.43,131.80,50.10
Senegal,267.91,256.26,81.23,46.08
Egypt,323.98,104.21,174.80,44.53
Albania,259.69,235.37,49.44,87.45
Peru,372.92,91.72,84.52,75.39
Cape Verde Islands,241.19,203.99,112.39,62.84
Tunisia,221.51,242.44,83.09,73.34
Norway,367.04,118.52,54.86,64.96
Australia,353.81,136.09,72.19,38.56
Congo DR,297.93,191.18,46.53,60.73
Panama,293.86,104.78,117.74,76.55
Trinidad and Tobago,331.93,142.14,68.17,49.71
Jamaica,359.58,130.91,36.02,58.19
Serbia,300.14,88.09,134.75,57.80
Korea Republic,304.20,156.23,65.32,53.57
Japan,266.44,167.98,64.08,78.51
Guinea,228.79,197.66,96.95,46.86
Congo,253.26,210.12,38.23,60.29
Saudi Arabia,380.91,59.10,89.12,29.88
Slovenia,231.11,139.01,158.72,29.57
Finland,328.63,73.14,110.13,46.47
Cameroon,236.73,160.85,103.76,55.11
Morocco,381.65,69.14,63.29,40.43
Mali,273.89,138.00,38.72,100.50
Uzbekistan,311.74,90.54,91.02,55.51
Nigeria,190.76,163.02,82.63,97.55
United Arab Emirates,256.74,121.10,87.53,55.58
Bulgaria,233.89,135.13,55.70,82.83
South Africa,223.03,161.32,66.05,56.50
Haiti,288.34,102.27,53.77,57.57
Uganda,242.22,142.42,57.28,49.01
Benin,294.77,95.72,49.54,48.88
Venezuela,229.87,69.97,96.01,80.39
Burkina Faso,187.85,130.38,74.34,76.22
Israel,140.66,214.03,59.70,52.32
Belarus,269.47,103.51,42.52,49.25
Zambia,205.20,152.98,40.48,61.28
Bolivia,240.81,44.42,72.05,82.25
Cyprus,251.21,122.51,25.13,27.00
China PR,234.48,122.75,39.72,26.29
Jordan,257.18,30.86,81.62,48.35
Equatorial Guinea,157.23,201.49,20.38,37.15
Qatar,251.18,85.81,48.16,30.78
Antigua and Barbuda,268.81,119.11,0.00,24.59
Honduras,162.82,33.34,144.22,62.85
Rwanda,177.52,184.33,23.62,15.15
Gabon,119.88,190.33,53.12,31.47
Guatemala,221.96,122.26,3.75,39.19
Faroe Islands,241.31,135.14,6.38,0.00
Botswana,215.11,78.70,68.32,17.31
St Kitts and Nevis,241.97,112.78,0.00,13.20
Estonia,209.43,89.99,43.29,23.68
Montenegro,118.91,101.70,48.03,96.21
Canada,229.53,67.33,16.38,44.25
Central African Republic,268.46,10.75,0.00,75.86
Chad,293.25,54.61,0.00,0.00
El Salvador,171.16,66.77,80.15,29.20
Oman,176.62,62.35,72.67,34.78
Kyrgyz Republic,255.80,33.48,12.44,38.70
Mozambique,148.62,127.96,26.11,34.87
Guinea-Bissau,233.27,102.30,0.00,0.00
Togo,115.93,113.23,43.73,61.14
Mauritania,202.58,89.09,23.90,18.37
Iraq,157.68,109.34,35.78,30.18
Nicaragua,271.24,45.54,0.00,12.13
Malawi,154.56,118.91,22.11,30.62
Latvia,141.64,121.31,39.78,19.88
Liberia,228.44,38.06,15.94,39.24
Syria,207.54,65.79,25.71,17.34
Armenia,95.87,43.44,156.19,20.66
Korea DPR,261.77,21.06,4.95,26.38
Libya,183.88,14.84,70.06,45.18
Belize,255.85,21.25,5.91,24.23
Kenya,177.05,54.79,43.60,27.36
Kazakhstan,202.52,43.32,38.87,15.73
Philippines,208.01,55.63,13.19,23.37
Sierra Leone,124.68,60.25,59.47,53.95
Thailand,210.49,51.69,16.25,18.73
Niger,163.94,53.22,34.39,44.14
Angola,114.11,96.63,43.91,36.25
Burundi,182.11,59.56,21.21,26.77
Georgia,186.43,36.58,25.39,40.72
Ethiopia,123.58,78.02,43.33,43.78
Cuba,116.68,63.99,41.09,63.47
Kuwait,180.26,40.90,38.66,24.27
Zimbabwe,168.06,29.52,45.54,38.28
Turkmenistan,220.29,32.25,0.00,24.25
Sudan,136.80,86.59,33.65,19.03
Tanzania,118.58,94.14,20.90,40.79
Palestine,183.41,70.72,0.00,18.43
Bahrain,127.16,73.72,45.58,24.16
Guyana,227.80,27.34,0.00,14.66
Azerbaijan,133.65,34.09,77.92,23.22
Swaziland,220.71,30.50,10.58,6.88
Namibia,136.45,73.91,31.00,25.20
Aruba,161.50,66.00,10.44,21.00
Madagascar,183.57,73.53,0.00,0.00
Lithuania,83.60,100.11,45.13,25.12
St Lucia,130.90,58.33,20.43,28.25
FYR Macedonia,68.31,42.02,69.86,54.54
Hong Kong,176.18,29.38,6.45,21.77
Barbados,118.29,83.94,0.00,28.65
Vietnam,132.05,48.06,35.91,12.27
Luxembourg,127.22,33.44,49.89,10.25
St Vincent and the Grenadines,91.48,82.72,10.56,35.42
Afghanistan,103.06,42.57,34.40,30.10
Singapore,137.77,27.63,24.10,12.85
Lesotho,82.45,76.40,24.78,18.05
São Tomé e Príncipe,196.56,0.00,0.00,0.00
Dominican Republic,72.68,66.54,0.00,53.83
Curaçao,119.00,64.36,7.92,0.00
Puerto Rico,140.08,22.95,0.00,27.90
Mauritius,152.42,16.92,12.18,6.88
South Sudan,159.38,18.49,0.00,3.96
Moldova,49.12,46.59,67.26,17.92
Grenada,104.64,29.09,20.43,22.18
Lebanon,106.59,10.03,36.46,22.54
Comoros,137.36,20.21,7.12,1.72
Maldives,68.00,63.78,15.52,17.51
New Zealand,63.58,21.06,17.07,61.60
Guam,100.82,27.32,12.93,10.39
India,67.02,42.50,17.57,23.84
Malta,72.64,24.93,36.84,14.33
Tajikistan,67.47,35.69,8.51,36.95
Myanmar,81.03,44.97,0.00,21.31
Gambia,83.02,21.68,27.86,12.04
Dominica,84.15,29.51,10.56,13.20
Bermuda,53.98,80.75,0.00,0.00
American Samoa,127.50,0.00,0.00,0.00
Cook Islands,127.50,0.00,0.00,0.00
Samoa,127.50,0.00,0.00,0.00
Liechtenstein,26.87,71.16,12.00,9.50
Malaysia,57.38,23.70,23.79,13.93
Timor-Leste,31.88,67.79,0.00,10.32
Yemen,44.63,41.96,7.74,3.87
Bangladesh,35.53,29.75,5.42,16.34
Seychelles,54.36,12.75,15.79,0.00
Nepal,48.57,10.63,15.70,4.84
Vanuatu,59.50,0.00,0.00,12.75
Chinese Taipei,31.88,22.68,9.13,6.45
Cambodia,31.63,36.70,0.00,0.00
Laos,26.47,24.42,2.58,14.69
Fiji,59.50,0.00,0.00,8.50
Indonesia,0.00,35.19,21.26,8.05
Bhutan,0.00,63.75,0.00,0.00
Sri Lanka,25.50,12.14,7.74,12.90
Suriname,0.00,10.63,7.92,38.28
Montserrat,0.00,43.63,0.00,13.20
Pakistan,0.00,25.42,12.90,15.59
New Caledonia,0.00,0.00,0.00,53.43
Solomon Islands,25.50,0.00,0.00,20.98
US Virgin Islands,0.00,43.99,0.00,0.00
Macau,8.50,31.96,0.00,1.23
Brunei Darussalam,0.00,26.56,0.00,10.32
Tahiti,0.00,0.00,0.00,35.12
Turks and Caicos Islands,0.00,33.00,0.00,0.00
Papua New Guinea,25.50,0.00,0.00,4.25
Cayman Islands,0.00,21.25,0.00,0.00
San Marino,0.00,19.80,0.00,0.00
British Virgin Islands,0.00,8.85,0.00,5.28
Andorra,0.00,0.00,3.30,1.82
Mongolia,0.00,0.00,0.00,4.30
Anguilla,0.00,0.00,0.00,0.00
Bahamas,0.00,0.00,0.00,0.00
Djibouti,0.00,0.00,0.00,0.00
Eritrea,0.00,0.00,0.00,0.00
Somalia,0.00,0.00,0.00,0.00
Tonga,0.00,0.00,0.00,0.00
