Team,Ranking1,Ranking2,Ranking3,Ranking4
Germany,1033.19,294.80,228.49,131.01
Argentina,919.87,256.49,222.63,94.71
Belgium,929.90,276.32,192.72,58.29
Colombia,772.00,309.53,221.72,108.27
Brazil,793.26,400.89,87.24,90.38
Netherlands,886.14,201.83,145.64,67.21
Portugal,584.73,341.01,165.87,129.71
Uruguay,597.48,346.45,82.26,150.24
Switzerland,545.66,339.03,160.52,89.94
Spain,440.29,341.57,250.61,99.48
France,652.83,240.51,133.62,100.25
Romania,689.03,200.87,130.86,65.34
Italy,518.05,278.90,180.80,107.26
England,517.02,232.48,172.30,107.73
Costa Rica,629.32,228.00,109.71,49.33
Chile,489.25,310.41,107.88,94.14
Croatia,524.25,134.46,194.98,123.54
Czech Republic,543.62,155.94,130.43,93.40
Slovakia,633.64,170.75,59.15,56.84
Algeria,504.06,228.77,118.14,65.79
Wales,572.55,155.11,82.70,105.40
Mexico,455.33,208.05,149.98,94.21
Côte d'Ivoire,485.12,163.13,155.17,103.81
Greece,357.79,293.33,148.38,100.41
Austria,548.51,222.68,72.39,46.92
Ghana,487.52,135.10,133.91,76.37
Russia,358.27,186.04,166.06,117.48
USA,316.14,320.21,118.11,70.05
Denmark,388.85,177.56,109.61,132.04
Scotland,376.21,297.02,49.88,73.29
Tunisia,484.87,138.48,110.01,59.41
Bosnia and Herzegovina,363.33,167.34,155.71,96.22
Ukraine,312.37,297.46,117.09,45.27
Ecuador,325.19,138.33,219.57,78.49
Poland,503.18,104.75,84.82,60.70
Senegal,512.51,135.38,69.12,35.38
Cape Verde Islands,407.97,187.31,94.26,47.47
Iceland,437.70,159.00,104.85,26.57
Sweden,304.52,181.96,110.39,107.24
IR Iran,336.87,219.66,75.14,57.76
Guinea,395.33,161.59,70.29,50.89
Northern Ireland,486.34,127.54,41.33,16.50
Hungary,339.37,118.56,125.18,82.13
Serbia,299.93,224.58,86.70,53.23
Nigeria,326.03,137.71,156.08,38.75
Israel,428.07,99.50,78.48,43.00
Slovenia,278.03,264.53,44.35,61.07
Cameroon,321.70,172.93,82.66,50.21
Congo,420.24,63.71,90.43,49.38
Japan,335.96,106.81,117.77,53.40
Egypt,208.42,291.34,68.03,44.24
Turkey,256.89,196.36,85.77,64.40
Panama,209.56,196.24,114.83,66.14
Congo DR,382.36,77.56,91.10,32.57
Gabon,380.65,88.53,47.20,66.21
Mali,276.00,64.54,150.75,86.77
Albania,341.22,82.41,131.18,20.67
Korea Republic,312.46,108.87,80.35,73.76
South Africa,322.64,110.08,84.75,35.36
Zambia,305.97,64.59,90.83,90.85
Equatorial Guinea,402.98,33.97,55.73,56.43
Republic of Ireland,289.38,80.17,68.64,107.70
Peru,183.44,147.55,117.46,83.50
Australia,272.17,120.31,57.84,80.76
Trinidad and Tobago,284.28,113.62,74.57,46.90
Burkina Faso,260.77,123.89,114.33,18.26
Bulgaria,270.26,92.83,124.25,17.23
United Arab Emirates,242.20,145.88,83.37,29.14
Venezuela,139.94,160.02,120.59,74.03
Norway,237.04,91.44,97.43,64.91
Uganda,284.85,95.47,73.52,31.31
Uzbekistan,181.07,151.69,83.26,60.20
Rwanda,368.65,39.36,22.73,43.39
Jamaica,261.82,60.04,87.28,57.14
Montenegro,203.39,80.06,144.32,28.90
Honduras,66.68,240.37,97.84,47.88
Armenia,86.88,260.31,30.98,70.97
Finland,146.29,183.56,69.71,46.79
Haiti,204.55,89.62,86.35,61.09
Togo,226.46,72.89,91.71,43.49
Paraguay,148.71,116.29,72.92,76.77
China PR,245.50,66.20,39.43,56.88
Belarus,207.01,70.87,73.88,45.16
El Salvador,133.55,133.58,43.80,77.46
Latvia,242.61,66.30,29.82,48.24
Mozambique,255.91,43.51,52.30,31.39
Iraq,218.68,59.63,45.57,58.77
Sierra Leone,120.50,99.11,80.93,81.70
Angola,193.26,73.18,54.37,60.13
Morocco,138.27,105.48,60.65,66.87
Guatemala,244.52,6.25,62.04,57.93
Bolivia,88.83,120.08,123.38,27.80
Estonia,179.98,72.15,35.52,70.15
Benin,191.44,82.56,73.31,10.15
Saudi Arabia,118.20,148.53,44.82,37.84
Cyprus,245.03,41.88,40.50,14.86
Oman,124.70,121.11,52.17,43.13
Malawi,237.82,36.85,45.92,20.00
Qatar,171.62,81.26,45.75,38.59
Lithuania,200.22,75.22,37.68,19.75
Ethiopia,156.04,72.21,65.68,27.53
Faroe Islands,270.27,10.63,0.00,37.50
Jordan,61.72,136.04,72.53,45.91
Botswana,157.39,113.87,25.97,16.56
FYR Macedonia,84.05,116.44,81.81,29.34
Antigua and Barbuda,238.21,0.00,36.89,36.13
Tanzania,188.28,34.83,61.19,19.35
Bahrain,147.44,75.96,36.24,39.21
Cuba,127.99,68.49,95.21,6.57
St Vincent and the Grenadines,185.54,36.61,42.50,26.20
Sudan,173.19,56.08,28.54,29.82
Libya,29.67,116.76,67.77,67.19
St Kitts and Nevis,225.55,0.00,19.80,35.20
Namibia,147.82,51.67,37.80,41.70
Canada,134.67,27.30,66.37,48.61
Azerbaijan,68.18,129.87,34.83,30.75
Kenya,109.58,72.67,41.04,34.46
Dominican Republic,133.08,0.00,80.75,42.72
Niger,106.44,57.31,66.21,22.06
Moldova,93.18,112.09,26.88,12.70
Lesotho,152.80,41.30,27.08,20.71
Burundi,119.12,35.35,40.16,42.75
Zimbabwe,59.04,79.70,51.68,44.26
Vietnam,96.12,59.86,18.41,54.44
Syria,131.58,42.85,26.01,24.30
Kuwait,81.79,64.43,36.40,41.45
Liechtenstein,142.31,20.00,14.25,42.86
Bermuda,161.50,0.00,0.00,55.44
Mauritania,130.08,58.52,27.55,0.00
Barbados,167.88,0.00,42.98,4.64
St Lucia,106.25,43.82,54.89,8.65
Guinea-Bissau,204.61,0.00,0.00,7.60
Liberia,76.11,26.57,58.86,50.49
Kazakhstan,86.64,64.79,23.60,34.65
Afghanistan,100.73,45.85,45.15,15.87
Aruba,132.00,17.40,31.50,23.09
Philippines,113.82,26.53,35.06,24.74
Luxembourg,66.89,83.15,15.38,34.24
Georgia,73.16,42.32,61.08,20.63
Maldives,127.57,25.87,26.26,11.22
Palestine,141.43,0.00,25.80,22.98
Thailand,103.38,27.09,28.10,24.83
Tajikistan,49.73,34.31,55.42,33.70
Central African Republic,21.50,0.00,113.80,27.81
Lebanon,20.06,60.77,33.80,48.45
New Zealand,42.13,28.46,92.39,0.00
India,85.00,29.29,35.77,10.77
Curaçao,128.71,13.20,0.00,17.07
Malta,49.85,61.41,21.50,25.07
Madagascar,147.06,0.00,0.00,9.21
Timor-Leste,135.58,0.00,15.48,0.00
Chad,100.62,4.30,0.00,45.51
Kyrgyz Republic,66.94,22.87,58.05,0.00
Nicaragua,91.07,0.00,18.19,32.91
Suriname,46.75,13.20,57.42,23.24
Korea DPR,42.12,8.26,39.58,49.44
Gambia,43.35,46.44,18.06,30.14
Myanmar,89.94,0.00,31.97,11.11
Turkmenistan,64.50,0.00,36.38,30.53
Indonesia,70.38,35.44,12.08,13.46
Belize,42.50,9.86,36.34,41.91
Singapore,55.25,40.17,19.27,15.77
Guyana,65.09,0.00,21.98,40.69
Bhutan,127.50,0.00,0.00,0.00
Dominica,88.54,12.57,19.80,0.00
Malaysia,47.27,37.76,19.79,15.66
Puerto Rico,45.90,0.00,41.84,31.24
Yemen,89.04,14.33,5.81,7.91
Hong Kong,58.76,10.75,32.66,13.69
Bangladesh,59.50,9.03,24.51,22.73
Grenada,29.75,18.92,53.70,10.56
Montserrat,87.25,0.00,19.80,0.00
Pakistan,50.83,21.50,23.38,9.98
US Virgin Islands,87.98,0.00,0.00,15.64
New Caledonia,0.00,0.00,80.15,21.28
Guam,54.64,21.55,15.59,5.13
Swaziland,60.99,17.63,10.32,7.89
Laos,48.85,4.30,22.04,12.90
Cambodia,73.41,0.00,0.00,12.90
Chinese Taipei,45.37,15.22,9.68,15.23
Nepal,21.25,22.42,7.26,18.58
Brunei Darussalam,53.13,0.00,15.48,0.00
Turks and Caicos Islands,66.00,0.00,0.00,0.00
Macau,63.92,0.00,1.84,0.00
Tahiti,0.00,0.00,52.68,12.82
Mauritius,33.83,14.50,10.32,6.14
Comoros,40.42,11.87,2.58,9.78
Sri Lanka,24.29,12.90,19.35,7.88
Seychelles,25.50,26.32,0.00,8.60
São Tomé e Príncipe,0.00,0.00,0.00,57.62
Cayman Islands,42.50,0.00,0.00,5.28
Solomon Islands,0.00,0.00,31.47,14.92
South Sudan,36.98,0.00,5.93,0.00
San Marino,39.60,0.00,0.00,0.00
Vanuatu,0.00,0.00,19.13,14.47
Fiji,0.00,0.00,12.75,17.00
Samoa,0.00,0.00,0.00,29.75
Bahamas,0.00,0.00,0.00,26.40
British Virgin Islands,17.71,0.00,7.92,0.00
Mongolia,0.00,0.00,6.45,12.90
Tonga,0.00,0.00,0.00,17.00
Papua New Guinea,0.00,0.00,6.38,6.80
American Samoa,0.00,0.00,0.00,12.14
Andorra,0.00,5.50,2.73,0.00
Eritrea,0.00,0.00,0.00,7.57
Somalia,0.00,0.00,0.00,5.59
Djibouti,0.00,0.00,0.00,4.30
Cook Islands,0.00,0.00,0.00,3.54
Anguilla,0.00,0.00,0.00,0.00
