Team,Ranking1,Ranking2,Ranking3,Ranking4
Germany,775.06,416.00,127.28,240.15
Brazil,558.95,541.18,168.06,162.38
Belgium,629.98,322.82,158.94,186.58
Portugal,646.92,345.91,155.33,125.53
Argentina,404.07,404.80,248.99,183.59
Switzerland,578.59,404.29,101.43,114.42
France,520.12,428.38,118.09,131.54
Poland,499.90,448.47,112.55,121.69
Chile,403.99,415.67,217.49,97.51
Spain,537.05,305.74,193.92,88.80
Peru,560.36,394.05,126.58,44.40
Denmark,723.72,157.44,90.07,80.21
England,476.42,296.75,174.15,103.52
Uruguay,486.28,243.84,168.44,119.85
Mexico,470.55,253.39,173.99,91.51
Colombia,292.09,327.78,199.73,166.38
Netherlands,545.74,149.56,100.06,185.62
Wales,335.47,372.60,107.98,137.41
Italy,341.93,366.05,124.73,118.54
Croatia,397.75,336.39,100.79,110.25
Tunisia,545.56,197.39,68.28,98.68
Iceland,438.64,282.13,90.61,96.64
Costa Rica,410.90,240.29,99.73,133.11
Sweden,478.44,215.99,111.03,74.44
USA,473.00,230.66,104.89,64.14
Austria,456.27,114.64,151.02,122.76
Senegal,368.23,268.67,84.09,116.99
Slovakia,332.12,227.01,97.77,147.46
Northern Ireland,347.03,199.99,142.38,113.82
Romania,403.10,118.25,89.57,170.74
Republic of Ireland,331.96,227.55,149.49,68.11
Paraguay,410.36,195.34,146.19,21.29
Venezuela,469.33,177.01,80.22,27.99
Serbia,417.12,203.56,91.57,38.50
Ukraine,391.08,136.32,141.93,63.45
Australia,366.60,193.77,98.16,59.79
IR Iran,290.29,246.02,92.40,79.64
Turkey,299.57,176.78,181.42,48.61
Congo DR,336.79,200.88,91.74,76.47
Bosnia and Herzegovina,269.36,218.35,138.16,67.06
Morocco,369.10,172.65,110.03,34.09
Scotland,373.23,142.28,64.88,79.22
Montenegro,364.82,203.78,32.11,50.89
Greece,289.32,221.52,60.78,78.20
Egypt,208.27,291.04,99.48,50.64
Czech Republic,264.13,139.37,101.64,135.56
Ghana,261.21,169.96,99.90,92.63
Nigeria,251.21,237.11,59.46,70.00
Bulgaria,269.64,220.89,62.37,61.48
Cameroon,206.63,267.73,69.70,69.82
Hungary,199.79,184.91,157.52,69.60
Burkina Faso,246.29,242.50,68.51,46.86
Norway,414.26,30.94,96.08,54.71
Jamaica,339.39,75.30,105.00,68.43
Panama,276.92,154.50,97.89,41.86
Slovenia,247.01,187.30,61.18,62.56
Korea Republic,162.13,223.79,91.79,65.96
Albania,233.86,116.04,66.85,121.05
Bolivia,291.14,156.93,66.68,21.32
Ecuador,67.14,193.75,189.01,73.95
Japan,164.51,206.50,81.97,67.78
Honduras,274.62,165.70,44.62,18.36
Finland,352.12,20.58,86.01,27.72
Mali,195.42,145.99,81.79,60.51
Cape Verde Islands,302.55,17.94,75.68,81.59
Algeria,163.41,117.39,91.40,101.63
Saudi Arabia,143.89,180.10,114.27,27.02
Côte d'Ivoire,124.90,149.41,85.80,103.28
Guinea,230.28,87.98,65.03,79.70
Russia,166.07,108.09,108.68,73.70
FYR Macedonia,344.15,66.05,22.19,18.91
El Salvador,278.68,86.70,51.35,24.80
Syria,213.58,129.33,64.81,31.93
South Africa,186.63,102.28,80.60,58.19
China PR,204.03,96.80,73.15,49.10
Zambia,236.14,68.68,56.02,59.46
United Arab Emirates,183.25,118.22,65.47,50.73
Belarus,204.80,84.92,88.39,39.30
Lebanon,301.75,66.36,33.52,9.86
Canada,238.61,78.65,65.16,28.51
Curaçao,190.64,142.16,49.73,25.74
Uganda,174.57,90.74,76.83,60.77
Congo,160.58,79.69,63.31,89.46
Oman,259.44,57.32,57.80,16.49
Gabon,179.63,106.20,33.85,70.27
Luxembourg,285.82,46.99,47.90,9.24
Cyprus,198.44,63.32,64.60,57.17
Benin,177.12,93.08,88.43,20.15
Iraq,226.13,59.53,47.30,43.74
Faroe Islands,124.67,135.14,62.05,54.05
Trinidad and Tobago,137.06,82.18,86.33,63.96
Kyrgyz Republic,239.77,46.20,76.74,0.00
Israel,61.88,163.14,36.17,100.68
Estonia,180.17,81.13,53.95,44.16
Uzbekistan,66.85,152.80,93.52,40.74
Georgia,213.43,86.80,44.74,6.53
India,196.24,111.18,25.50,17.00
Qatar,154.74,82.27,78.24,32.34
Palestine,204.74,68.71,62.11,11.51
Armenia,100.78,180.22,43.51,13.70
Libya,172.55,98.94,59.35,5.03
Vietnam,222.70,47.64,47.52,16.50
Niger,203.01,49.09,41.99,29.28
Haiti,27.20,180.63,73.19,40.91
Azerbaijan,98.83,172.50,36.51,13.64
Madagascar,128.80,93.23,46.68,38.99
Mauritania,129.24,107.95,58.21,8.77
Korea DPR,137.24,68.11,87.01,10.76
Central African Republic,213.01,0.00,90.07,0.00
Jordan,156.49,44.76,81.87,13.05
Sierra Leone,190.06,34.85,48.55,18.70
Kenya,81.93,125.65,67.41,15.85
Bahrain,179.12,41.51,40.37,28.24
Mozambique,124.14,48.29,58.11,51.01
Philippines,151.51,52.56,62.40,13.54
Namibia,126.71,74.63,45.29,30.43
Kazakhstan,105.01,85.69,64.15,17.99
Zimbabwe,133.45,48.77,69.62,12.75
Tajikistan,164.90,60.19,28.62,9.95
New Zealand,78.58,96.95,76.45,3.81
Guinea-Bissau,135.15,23.46,87.92,8.59
Thailand,119.90,37.16,66.76,24.39
Malawi,89.71,72.71,38.70,46.07
Chinese Taipei,175.19,53.72,8.77,9.07
Togo,78.96,75.48,41.40,45.29
Lithuania,55.94,110.63,33.86,38.96
Antigua and Barbuda,51.17,71.40,69.12,47.64
Sudan,162.89,0.00,34.64,34.64
Latvia,100.04,38.19,43.77,48.04
Turkmenistan,131.40,31.88,66.09,0.00
Andorra,189.89,36.71,2.21,0.00
Nicaragua,46.75,77.24,79.79,23.91
Yemen,113.42,74.59,21.61,17.81
Swaziland,52.28,63.75,90.34,15.77
St Kitts and Nevis,42.93,53.35,77.85,43.93
Rwanda,89.97,35.06,48.54,42.56
Angola,114.90,25.41,32.22,36.55
Myanmar,140.01,23.61,24.86,17.03
Botswana,79.64,33.88,67.03,23.98
Tanzania,105.93,36.98,44.83,12.58
Kosovo,143.02,34.40,19.78,0.00
Hong Kong,95.01,39.84,48.81,11.39
Equatorial Guinea,21.25,36.72,48.13,83.87
Solomon Islands,137.33,25.80,26.78,0.00
Afghanistan,112.98,36.13,31.69,6.80
Guatemala,0.00,71.06,68.72,40.01
Lesotho,78.24,54.40,19.00,23.84
Burundi,83.78,25.50,50.43,14.45
Comoros,71.55,62.65,37.46,0.00
Maldives,106.25,46.04,19.13,0.00
Ethiopia,51.46,42.84,40.33,31.21
Dominican Republic,72.93,21.93,40.93,26.62
Suriname,0.00,130.05,19.89,4.25
New Caledonia,74.38,43.35,31.88,0.00
Mauritius,46.26,30.60,51.64,11.87
South Sudan,26.63,57.38,47.81,0.00
Tahiti,34.00,63.75,31.87,0.00
Liberia,60.69,0.00,68.39,0.00
Kuwait,68.36,0.00,44.23,15.89
Barbados,54.64,0.00,42.59,29.84
Nepal,68.00,31.88,14.34,4.25
Vanuatu,86.02,0.00,30.81,0.00
Belize,8.50,21.55,76.76,8.50
Indonesia,62.39,35.03,0.00,14.08
Fiji,55.99,21.25,26.41,0.00
Cambodia,45.54,31.88,10.47,15.31
Papua New Guinea,0.00,63.14,39.53,0.00
Grenada,42.50,10.54,37.19,11.31
Singapore,29.88,17.71,38.14,13.11
St Lucia,42.50,0.00,36.72,15.73
Malaysia,28.48,22.40,32.79,9.39
Gambia,37.40,23.46,22.41,8.67
St Vincent and the Grenadines,34.00,0.00,20.00,34.60
Puerto Rico,8.50,0.00,68.39,11.70
Chad,0.00,0.00,87.98,0.00
Moldova,30.47,32.83,12.06,12.46
Dominica,51.00,0.00,19.13,15.94
Bermuda,34.00,0.00,13.64,34.00
Laos,21.25,32.76,19.07,8.50
Liechtenstein,40.17,0.00,7.05,32.53
Cuba,14.28,0.00,35.00,25.60
Guyana,0.00,0.00,62.48,10.94
Bhutan,0.00,42.50,0.00,25.50
Malta,29.90,5.87,19.37,9.97
Macau,18.21,26.56,2.55,12.78
Mongolia,8.50,17.00,0.00,25.50
São Tomé e Príncipe,0.00,0.00,50.54,0.00
Seychelles,22.42,3.54,17.50,5.02
Aruba,0.00,0.00,48.45,0.00
Guam,0.00,0.00,34.03,10.93
Timor-Leste,41.82,3.04,0.00,0.00
American Samoa,0.00,0.00,38.25,0.00
Cook Islands,0.00,0.00,38.25,0.00
Bangladesh,0.00,10.63,10.54,13.60
Gibraltar,34.16,0.00,0.00,0.00
Brunei Darussalam,0.00,21.25,0.00,12.75
Djibouti,0.00,31.88,0.00,0.00
Samoa,0.00,0.00,31.88,0.00
US Virgin Islands,0.00,0.00,0.00,17.60
Sri Lanka,0.00,4.25,7.65,4.86
Pakistan,0.00,0.00,0.00,10.17
Cayman Islands,0.00,0.00,0.00,8.50
San Marino,0.00,0.00,0.00,7.92
British Virgin Islands,0.00,0.00,0.00,4.25
Montserrat,0.00,0.00,0.00,4.25
Turks and Caicos Islands,0.00,0.00,0.00,0.00
Anguilla,0.00,0.00,0.00,0.00
Bahamas,0.00,0.00,0.00,0.00
Eritrea,0.00,0.00,0.00,0.00
Somalia,0.00,0.00,0.00,0.00
Tonga,0.00,0.00,0.00,0.00
