Team,Ranking1,Ranking2,Ranking3,Ranking4
Germany,1090.54,283.42,229.76,121.58
Argentina,937.59,295.45,220.13,85.12
Colombia,805.97,316.15,238.28,89.37
Belgium,849.03,326.46,162.65,79.12
Netherlands,884.29,263.86,128.56,97.54
Brazil,796.05,334.16,102.36,83.57
Portugal,570.26,305.65,172.10,112.21
France,700.29,217.61,144.39,97.26
Spain,420.42,349.84,249.22,122.08
Uruguay,585.86,312.98,91.01,145.23
Italy,519.52,269.35,190.09,123.89
Switzerland,523.66,310.94,166.47,89.56
England,523.32,227.52,167.63,113.06
Chile,523.75,313.59,83.20,95.58
Romania,625.49,195.28,128.01,65.43
Costa Rica,609.67,255.50,78.87,51.04
Czech Republic,596.59,185.25,123.50,81.96
Algeria,530.47,190.29,148.56,78.43
Croatia,459.98,215.14,157.66,113.66
Mexico,447.86,204.21,165.28,95.80
Slovakia,638.53,134.58,76.75,40.88
Tunisia,549.99,179.49,95.26,47.85
Austria,548.70,207.24,75.04,31.79
Greece,328.47,273.35,159.20,95.05
Ukraine,404.33,312.91,96.77,39.94
Ecuador,392.03,182.96,209.72,67.48
USA,327.31,327.04,124.33,57.11
Côte d'Ivoire,364.52,215.98,160.67,92.11
Bosnia and Herzegovina,346.68,252.58,110.72,106.70
Denmark,380.53,209.07,88.37,125.76
Russia,346.09,167.69,181.27,93.75
Israel,499.41,166.44,42.48,79.69
Iceland,435.40,213.00,72.45,40.08
Wales,433.23,173.14,46.29,94.86
Senegal,466.48,141.18,44.56,81.63
Scotland,365.31,235.66,55.67,72.22
Ghana,316.65,219.74,119.61,57.60
Serbia,344.26,220.32,76.53,71.94
Guinea,442.50,146.02,84.62,32.84
Cape Verde Islands,345.77,217.49,66.07,63.88
Poland,436.18,89.75,93.06,60.85
Cameroon,351.41,194.26,74.00,45.49
Nigeria,311.38,211.81,81.92,49.28
Sweden,238.61,173.50,126.28,107.56
Hungary,291.79,144.71,125.23,70.67
Slovenia,266.37,238.07,55.59,61.94
Northern Ireland,437.55,110.09,44.91,22.35
Turkey,267.81,174.88,79.68,81.93
Mali,237.87,146.88,172.87,45.05
Zambia,315.74,72.65,156.05,50.02
IR Iran,216.83,222.53,68.43,80.41
South Africa,321.81,166.84,44.01,54.60
Peru,203.83,192.73,73.83,94.56
Japan,240.51,104.19,119.04,99.54
Panama,189.81,205.55,83.96,71.49
Trinidad and Tobago,319.81,98.58,80.24,52.00
Congo DR,321.31,128.39,65.08,33.47
Albania,264.40,149.63,88.43,41.02
Montenegro,268.36,104.59,134.23,30.27
Egypt,222.65,191.51,72.62,44.35
Congo,305.21,111.68,87.11,25.08
Gabon,316.25,78.84,112.20,19.76
Togo,257.13,155.36,77.14,37.27
Burkina Faso,243.93,199.40,47.09,32.13
Republic of Ireland,248.29,110.93,53.55,106.01
Bulgaria,250.89,109.24,115.65,30.24
Norway,237.61,87.67,112.08,62.16
Rwanda,379.54,35.06,34.69,44.33
Korea Republic,191.91,113.22,92.44,89.45
Finland,189.71,168.68,67.25,42.75
Uzbekistan,177.69,135.65,89.26,61.74
Honduras,102.14,219.69,79.16,59.16
Guatemala,300.90,26.74,74.61,55.94
Haiti,222.06,53.77,129.53,52.36
Jamaica,233.14,75.35,81.83,58.77
Paraguay,145.67,132.29,90.74,73.06
Uganda,240.45,94.64,72.44,33.95
Libya,166.68,114.54,97.47,58.80
Armenia,86.88,234.28,41.38,73.56
United Arab Emirates,153.04,168.45,69.95,16.96
Angola,201.10,75.65,78.87,48.19
Morocco,141.17,124.39,65.42,62.50
Estonia,196.37,69.93,41.83,74.22
Bolivia,88.83,119.52,142.93,23.44
Sierra Leone,120.50,99.12,72.83,81.70
Cyprus,261.45,60.89,33.86,15.57
Venezuela,0.00,223.07,69.94,77.49
Malawi,230.73,61.06,37.70,31.53
Benin,191.44,82.56,80.09,4.73
El Salvador,148.71,105.22,37.58,66.21
Lithuania,207.42,93.38,29.78,24.56
Qatar,166.57,79.05,50.06,50.89
Oman,131.60,120.88,48.34,45.54
Jordan,90.26,151.89,45.66,57.82
Antigua and Barbuda,265.89,0.00,28.83,49.03
Latvia,195.10,65.95,31.03,46.69
China PR,152.38,81.16,54.01,51.11
Mozambique,194.77,60.66,44.34,32.72
Belarus,139.19,80.75,74.27,37.04
Australia,47.49,118.79,74.10,88.16
FYR Macedonia,112.40,106.35,82.24,26.08
Saudi Arabia,112.77,147.04,26.36,32.02
Faroe Islands,270.27,9.44,0.00,37.50
Tanzania,184.86,63.95,44.88,21.48
Dominican Republic,152.09,39.34,75.43,42.72
Botswana,163.73,100.22,21.05,22.77
Zimbabwe,134.90,64.39,57.24,44.26
Sudan,173.19,52.08,43.66,26.64
Ethiopia,109.23,96.04,63.53,25.03
Bahrain,142.76,84.41,28.35,36.44
Namibia,162.27,45.40,46.71,36.71
Canada,125.99,24.51,83.45,52.55
Cuba,131.54,55.44,76.16,7.39
Iraq,115.87,44.77,49.01,59.32
Palestine,174.07,46.58,27.82,19.82
Liberia,76.11,100.75,48.31,42.96
Kenya,106.59,90.73,39.40,25.04
Equatorial Guinea,78.69,33.97,120.16,27.23
Niger,111.22,50.74,59.25,38.14
St Kitts and Nevis,188.28,0.00,37.22,32.87
St Vincent and the Grenadines,179.51,0.00,53.98,22.82
Lebanon,114.23,51.42,32.73,52.85
Moldova,85.12,115.80,38.59,10.50
Lesotho,144.35,60.91,17.02,23.20
Kuwait,99.32,76.76,28.74,36.35
Georgia,83.13,31.61,74.81,49.11
Luxembourg,104.85,75.23,17.79,32.25
Burundi,106.33,34.11,62.34,24.45
Aruba,166.80,0.00,31.50,23.09
Philippines,107.84,63.74,32.97,16.52
Maldives,153.08,30.15,25.21,11.67
Liechtenstein,141.43,29.50,6.43,41.25
Vietnam,122.63,19.78,21.48,54.44
Guinea-Bissau,204.61,0.00,0.00,13.29
New Zealand,42.13,92.70,77.43,4.24
Azerbaijan,42.59,109.50,35.79,26.99
Tajikistan,65.75,78.69,40.16,30.03
Mauritania,128.87,56.70,27.55,0.00
Kazakhstan,90.11,56.94,26.49,31.27
St Lucia,116.67,34.06,42.37,8.65
Myanmar,96.86,75.25,19.74,8.63
Afghanistan,94.60,80.03,0.00,15.71
Barbados,135.15,0.00,42.98,4.64
Thailand,101.37,22.58,28.92,29.26
Central African Republic,21.50,0.00,132.76,23.83
Chad,109.22,0.00,39.47,23.58
Malta,58.16,54.23,33.04,20.69
Turkmenistan,64.50,32.25,50.96,18.37
Madagascar,147.06,0.00,0.00,18.74
Korea DPR,54.16,8.26,63.18,31.22
Syria,51.00,37.49,31.79,35.90
Kyrgyz Republic,66.96,73.43,0.00,5.16
New Caledonia,0.00,39.53,84.79,17.96
Malaysia,69.92,35.17,16.96,16.73
Grenada,59.09,34.06,33.26,10.84
Hong Kong,42.82,64.04,16.77,10.00
Singapore,51.71,44.18,19.61,17.10
Curaçao,95.20,13.20,0.00,17.07
Indonesia,65.07,27.69,14.76,14.80
Laos,48.85,48.38,11.47,12.18
Guam,54.79,49.45,10.03,5.13
Puerto Rico,45.90,0.00,31.38,41.65
Suriname,21.25,13.20,57.42,23.24
Swaziland,90.97,5.16,10.32,6.58
Bangladesh,42.60,36.98,5.16,18.49
Tahiti,0.00,33.79,53.12,12.80
Guyana,21.25,0.00,21.18,49.36
Gambia,0.00,46.44,18.06,25.84
Montserrat,66.00,0.00,19.80,0.00
São Tomé e Príncipe,0.00,0.00,78.43,5.33
India,8.60,47.05,10.29,13.46
Sri Lanka,34.00,37.63,0.00,6.52
Comoros,64.16,0.00,2.58,8.70
Nicaragua,0.00,24.86,30.84,19.34
Belize,0.00,41.27,0.00,32.48
Yemen,51.03,0.00,8.13,7.91
Turks and Caicos Islands,66.00,0.00,0.00,0.00
Seychelles,25.50,26.32,0.00,9.68
Bermuda,0.00,0.00,0.00,55.44
San Marino,55.44,0.00,0.00,0.00
Cambodia,42.50,0.00,0.00,12.90
Chinese Taipei,7.37,25.97,8.06,12.82
Solomon Islands,0.00,0.00,38.46,14.92
Dominica,18.78,13.20,19.80,0.00
Timor-Leste,35.19,0.00,15.48,0.00
Nepal,0.00,23.41,3.69,22.07
Macau,42.67,0.00,2.58,3.69
Pakistan,0.00,35.56,0.00,9.65
South Sudan,36.98,0.00,5.93,0.00
Mauritius,0.00,20.30,10.32,5.38
Vanuatu,0.00,0.00,19.13,13.92
Fiji,0.00,0.00,12.75,17.00
Samoa,0.00,0.00,0.00,29.75
Mongolia,0.00,10.75,0.00,18.06
Bahamas,0.00,0.00,0.00,26.40
Tonga,0.00,0.00,0.00,17.00
US Virgin Islands,0.00,0.00,0.00,15.64
Brunei Darussalam,0.00,0.00,15.48,0.00
Papua New Guinea,0.00,0.00,6.38,6.80
American Samoa,0.00,0.00,0.00,12.14
Andorra,0.00,5.50,3.41,0.00
British Virgin Islands,0.00,0.00,7.92,0.00
Eritrea,0.00,0.00,0.00,7.57
Somalia,0.00,0.00,0.00,5.59
Cayman Islands,0.00,0.00,0.00,5.28
Djibouti,0.00,0.00,0.00,4.30
Cook Islands,0.00,0.00,0.00,3.54
Anguilla,0.00,0.00,0.00,1.76
Bhutan,0.00,0.00,0.00,0.00
