Team,Ranking1,Ranking2,Ranking3,Ranking4
Spain,683.14,417.68,149.23,210.38
Germany,589.60,380.81,196.51,173.21
Portugal,682.02,276.45,194.57,92.19
Brazil,801.78,145.41,135.58,126.88
Colombia,619.07,369.53,162.41,35.07
Uruguay,692.90,137.10,225.37,125.88
Argentina,512.98,371.05,142.07,151.66
Switzerland,678.06,267.53,134.91,80.26
Italy,557.81,301.33,160.89,94.97
Greece,586.67,247.30,150.62,97.75
England,464.95,287.17,161.59,129.09
Belgium,552.65,321.20,87.43,77.22
Chile,620.83,179.80,141.22,95.60
USA,640.42,196.84,105.08,72.16
Netherlands,403.65,242.73,100.82,220.22
France,481.01,222.70,150.37,80.58
Ukraine,594.92,195.14,67.90,55.45
Russia,372.08,276.76,176.21,77.91
Mexico,416.09,249.97,141.31,69.99
Croatia,268.93,324.97,185.32,91.91
Côte d'Ivoire,326.26,258.61,155.71,89.51
Scotland,594.04,83.13,109.93,37.64
Denmark,355.11,182.68,198.06,83.04
Egypt,582.67,113.39,66.36,35.86
Bosnia and Herzegovina,334.69,259.52,144.33,56.70
Sweden,363.92,183.98,160.87,86.10
Algeria,457.54,196.90,98.69,41.62
Ecuador,276.65,365.95,117.74,33.96
Slovenia,529.05,73.92,91.61,92.39
Serbia,449.17,144.50,79.84,85.92
Honduras,480.75,163.07,71.83,43.70
Romania,401.73,218.09,98.00,37.87
Armenia,520.63,51.64,106.45,71.29
Costa Rica,456.00,182.85,73.99,34.89
Panama,392.48,191.38,99.21,55.64
Czech Republic,311.87,217.38,140.10,61.99
IR Iran,439.32,125.24,86.64,64.03
Ghana,270.20,223.18,114.56,104.99
Turkey,392.72,142.94,96.60,78.55
Austria,445.36,120.65,70.38,36.50
Venezuela,320.04,200.98,111.04,33.89
Peru,295.10,195.77,125.25,49.29
Cape Verde Islands,374.62,157.09,71.21,61.73
Nigeria,275.43,260.14,58.13,37.33
Hungary,237.12,208.63,123.20,54.41
Slovakia,341.50,98.59,85.26,90.22
Japan,213.61,196.28,80.10,123.41
Wales,310.21,137.83,158.10,7.11
Tunisia,276.96,183.35,89.12,47.38
Cameroon,345.86,137.76,75.32,23.93
Guinea,323.18,117.15,76.33,63.78
Finland,367.11,116.18,70.19,24.78
Uzbekistan,303.39,138.76,90.30,44.85
Montenegro,160.11,240.53,43.35,110.53
Korea Republic,217.75,133.92,110.64,88.43
Norway,182.88,162.39,97.37,108.08
Paraguay,232.57,121.54,115.16,81.28
Iceland,318.00,174.75,39.86,13.76
Mali,129.07,251.26,130.15,34.92
Australia,240.62,96.40,121.14,87.22
Burkina Faso,247.79,190.54,27.38,62.34
Libya,233.52,112.96,100.79,74.54
Senegal,270.76,115.20,53.07,72.34
Jordan,272.08,120.89,68.87,48.55
South Africa,220.15,141.26,53.03,92.44
Republic of Ireland,160.33,114.41,161.55,67.60
United Arab Emirates,291.77,138.95,43.71,24.62
Bolivia,240.17,205.63,41.70,9.38
El Salvador,267.17,73.01,116.20,31.30
Albania,164.81,218.63,31.01,71.74
Sierra Leone,198.23,134.88,122.55,28.64
Poland,209.50,141.37,91.06,36.80
Bulgaria,185.66,207.08,25.84,41.89
Trinidad and Tobago,227.24,124.28,70.35,34.98
Saudi Arabia,297.06,74.71,56.76,26.53
Morocco,210.95,101.08,100.31,41.29
Haiti,179.24,143.92,91.63,37.59
Israel,199.00,130.80,64.50,55.35
Zambia,129.18,151.38,136.28,31.24
FYR Macedonia,232.88,136.35,44.01,29.38
Jamaica,120.08,145.47,85.71,68.52
Oman,242.23,86.94,64.69,24.37
Belarus,141.74,123.14,67.73,71.31
Northern Ireland,255.07,68.88,24.75,50.98
Azerbaijan,259.75,58.05,46.12,34.21
Uganda,190.95,122.54,46.97,34.18
Gabon,177.05,78.67,99.31,31.12
Congo DR,155.11,151.83,48.85,24.15
Togo,145.77,152.85,65.23,10.61
Cuba,136.98,158.68,9.86,65.86
Botswana,227.74,43.28,24.85,72.97
Congo,127.42,150.72,74.07,14.96
Estonia,144.31,59.20,105.23,56.86
Angola,146.36,90.62,90.19,19.35
Qatar,162.51,76.25,57.88,41.12
China PR,132.40,65.71,85.32,49.72
Benin,165.12,122.19,15.22,29.58
Zimbabwe,159.40,86.13,66.39,14.96
Moldova,224.18,44.80,19.05,36.47
Iraq,120.00,75.94,88.16,37.19
Ethiopia,144.42,109.46,41.29,23.58
Niger,114.63,110.35,33.08,57.30
Georgia,84.64,101.80,30.94,85.35
Lithuania,150.44,62.80,29.63,50.24
Bahrain,151.92,60.40,58.81,17.94
Kenya,145.34,68.40,51.69,18.85
Central African Republic,0.00,189.66,41.71,52.63
Kuwait,128.87,60.67,62.18,30.92
Latvia,132.60,49.70,72.36,18.09
Canada,54.61,110.62,72.91,33.37
New Zealand,56.91,153.99,0.00,60.04
Luxembourg,166.30,25.63,51.36,22.64
Equatorial Guinea,67.94,92.88,84.65,15.89
Mozambique,87.02,87.17,47.09,30.20
Lebanon,121.54,56.34,72.67,0.00
Vietnam,119.71,30.68,81.66,9.92
Sudan,112.16,47.57,44.73,36.17
Sudan,112.16,47.57,44.73,36.17
Kazakhstan,129.57,39.33,51.98,14.17
Liberia,53.15,98.10,75.74,7.48
Namibia,103.33,63.00,62.55,4.58
Tajikistan,68.63,92.36,50.54,17.20
Malawi,73.69,76.54,30.00,46.91
Tanzania,69.66,101.98,29.03,26.04
Guatemala,12.50,103.41,86.89,19.82
Burundi,70.69,66.94,64.13,13.62
Dominican Republic,0.00,134.59,64.09,13.20
St Vincent and the Grenadines,83.60,70.84,39.31,17.98
Malta,122.81,35.83,37.60,7.80
Afghanistan,91.70,75.25,23.81,12.90
Cyprus,83.75,67.50,22.29,27.08
Suriname,26.40,95.70,34.86,39.91
Rwanda,78.73,37.88,65.09,15.02
St Lucia,82.57,91.48,12.98,3.67
Gambia,92.88,30.10,45.21,21.93
Syria,85.69,43.35,36.45,24.32
Grenada,37.84,89.50,15.84,44.46
Korea DPR,16.51,65.96,74.16,18.09
New Caledonia,0.00,133.59,31.91,8.50
Mauritania,117.03,45.92,0.00,1.72
Philippines,53.06,58.43,37.11,12.37
Lesotho,82.60,45.13,31.06,0.00
Antigua and Barbuda,0.00,61.48,54.20,42.00
Thailand,54.18,46.83,37.24,17.49
Belize,19.71,60.57,62.87,8.76
Malaysia,75.52,32.98,23.49,16.78
Kyrgyz Republic,45.75,96.75,0.00,5.16
Singapore,80.33,32.12,23.65,8.00
India,58.58,59.61,16.16,9.59
Puerto Rico,0.00,69.74,46.86,26.40
Liechtenstein,40.00,23.75,64.29,11.34
Guyana,0.00,36.64,61.03,39.43
Indonesia,70.87,20.13,20.18,23.50
Maldives,51.74,43.77,16.83,12.11
St Kitts and Nevis,0.00,33.00,52.80,37.95
Aruba,34.80,52.49,34.64,0.00
Turkmenistan,0.00,60.63,45.80,12.52
Tahiti,0.00,87.80,19.23,8.84
Hong Kong,21.50,54.43,20.53,14.33
Pakistan,43.00,38.97,14.96,5.47
Nepal,44.84,12.09,27.87,17.20
Barbados,0.00,71.63,6.96,22.00
Bangladesh,18.06,40.85,34.09,5.16
Dominica,25.14,33.00,0.00,35.11
Faroe Islands,21.25,0.00,56.25,13.16
Chad,8.60,0.00,68.26,11.24
Palestine,0.00,43.00,34.48,10.34
São Tomé e Príncipe,0.00,0.00,86.43,0.00
Nicaragua,0.00,30.32,49.37,4.40
Bermuda,0.00,0.00,83.16,0.00
Chinese Taipei,30.44,16.13,22.85,8.87
Guam,43.10,25.98,7.70,0.00
Solomon Islands,0.00,52.45,22.39,0.00
Sri Lanka,25.80,32.25,11.83,3.58
Laos,8.60,36.73,19.35,8.30
Myanmar,0.00,53.28,16.66,2.87
Seychelles,52.63,0.00,12.90,0.00
Curaçao,26.40,0.00,25.61,12.74
Swaziland,35.26,17.20,11.84,0.00
Yemen,24.57,9.68,11.87,17.25
Mauritius,28.99,17.20,9.21,0.00
Vanuatu,0.00,31.88,21.70,1.70
Fiji,0.00,21.25,25.50,0.00
Samoa,0.00,0.00,44.63,0.00
Comoros,23.74,4.30,14.67,0.00
Guinea-Bissau,0.00,0.00,11.39,31.17
Bahamas,0.00,0.00,39.60,0.00
Mongolia,0.00,10.75,19.35,5.16
Montserrat,0.00,33.00,0.00,0.00
Madagascar,0.00,0.00,13.82,18.49
Cambodia,0.00,0.00,19.35,8.60
Brunei Darussalam,0.00,25.80,0.00,0.00
Timor-Leste,0.00,25.80,0.00,0.00
Tonga,0.00,0.00,25.50,0.00
US Virgin Islands,0.00,0.00,23.47,0.00
Cayman Islands,0.00,0.00,7.92,13.20
Papua New Guinea,0.00,10.63,10.20,0.00
British Virgin Islands,0.00,13.20,0.00,5.28
American Samoa,0.00,0.00,18.21,0.00
Andorra,11.00,4.55,0.00,0.00
Eritrea,0.00,0.00,11.35,0.00
South Sudan,0.00,9.89,0.00,0.00
Somalia,0.00,0.00,8.39,0.00
Macau,0.00,3.07,0.00,5.16
Djibouti,0.00,0.00,6.45,0.00
Cook Islands,0.00,0.00,5.31,0.00
Anguilla,0.00,0.00,2.64,0.00
Bhutan,0.00,0.00,0.00,0.00
San Marino,0.00,0.00,0.00,0.00
Turks and Caicos Islands,0.00,0.00,0.00,0.00
