Team,Ranking1,Ranking2,Ranking3,Ranking4
Spain,676.64,407.69,181.36,217.88
Germany,497.45,409.18,174.92,175.58
Colombia,792.81,243.31,104.21,78.83
Argentina,650.94,288.57,117.04,153.03
Netherlands,628.77,132.02,208.81,195.49
Italy,544.15,339.22,171.50,87.33
Portugal,464.53,339.75,164.82,130.18
Croatia,563.31,280.88,171.09,82.83
Brazil,637.09,175.77,128.63,147.99
Belgium,784.88,117.15,114.09,63.12
Greece,545.44,258.48,143.96,89.69
Uruguay,360.11,316.81,174.10,147.32
Bosnia and Herzegovina,644.22,189.41,118.80,42.35
England,350.91,351.25,170.62,120.82
Switzerland,593.52,205.92,84.38,103.42
Russia,495.97,285.13,127.67,70.24
Ecuador,587.40,293.77,53.35,37.82
Côte d'Ivoire,493.40,237.56,147.82,83.36
USA,648.60,128.22,96.97,86.00
Mexico,445.17,201.29,142.91,90.07
Chile,391.47,224.65,140.19,114.19
Peru,516.51,93.92,134.42,110.14
France,361.23,247.24,149.66,79.92
Ghana,472.57,184.25,73.18,99.52
Norway,377.42,147.61,163.56,112.21
Czech Republic,366.85,274.43,87.07,68.48
Denmark,294.08,288.12,136.22,69.09
Montenegro,461.56,57.94,200.96,53.88
Ukraine,481.98,143.64,58.66,89.36
Sweden,292.78,233.21,157.54,80.97
Hungary,389.88,226.13,97.98,34.84
Mali,394.24,243.99,44.89,52.18
Romania,444.56,156.62,74.63,56.17
Algeria,400.15,190.76,55.90,83.55
Nigeria,439.69,102.31,71.68,86.28
Cape Verde Islands,467.64,125.78,84.79,17.62
Japan,271.72,182.61,162.41,78.60
Albania,453.29,88.50,90.87,56.54
Venezuela,404.48,125.61,99.84,58.28
Panama,402.91,159.08,100.73,16.58
Serbia,346.80,115.00,99.24,99.53
Costa Rica,433.75,104.97,72.82,39.34
Honduras,414.17,89.70,81.71,54.78
Republic of Ireland,256.58,197.44,115.08,70.02
Slovenia,265.50,131.68,107.15,129.43
Wales,310.13,271.13,24.53,23.91
Australia,238.68,186.93,108.45,95.47
Burkina Faso,424.77,26.25,96.73,69.83
Paraguay,243.07,169.24,94.66,107.50
Scotland,313.25,190.00,52.91,53.50
Cameroon,348.70,116.32,73.77,65.15
IR Iran,302.00,156.58,93.46,48.93
Tunisia,287.01,175.66,88.40,44.51
Bulgaria,418.98,46.94,80.88,48.77
Austria,345.83,130.19,60.26,58.65
Korea Republic,218.98,171.28,135.09,68.19
New Zealand,394.36,96.95,14.04,76.48
Turkey,195.50,172.77,126.09,78.63
Uzbekistan,315.22,154.12,66.79,30.26
Zambia,217.70,221.44,63.95,47.14
Egypt,217.70,133.26,58.02,135.34
Slovakia,229.40,100.91,112.16,99.83
Israel,330.05,26.79,122.75,60.01
Bolivia,326.94,119.74,32.72,58.80
Finland,317.85,121.98,44.93,52.49
Armenia,233.61,167.54,95.91,36.69
South Africa,286.88,85.74,104.62,52.79
Guinea,295.67,125.76,99.15,5.68
Libya,196.51,205.46,98.56,17.95
Iceland,388.33,58.13,14.21,38.70
Jordan,272.86,123.10,64.53,34.37
Poland,224.75,164.01,65.26,39.34
Belarus,247.81,70.57,128.71,34.70
Haiti,266.44,152.72,56.39,0.00
Morocco,241.48,120.26,97.04,14.74
Jamaica,236.54,77.30,130.27,24.75
Uganda,271.82,94.01,55.31,46.41
Trinidad and Tobago,245.06,117.25,52.16,37.72
Senegal,176.30,108.38,137.92,29.48
Sierra Leone,179.13,181.54,82.04,0.00
Gabon,169.59,168.13,32.80,69.64
Togo,283.11,110.49,5.70,36.79
El Salvador,193.94,137.21,70.32,29.33
United Arab Emirates,277.90,65.79,39.69,46.02
Estonia,145.74,172.28,68.21,36.36
Dominican Republic,269.17,92.26,59.40,0.00
Congo DR,264.72,93.28,45.02,3.98
Central African Republic,148.35,138.27,111.07,0.00
FYR Macedonia,247.00,82.33,24.81,41.23
Cuba,311.61,9.97,67.28,0.00
Canada,184.65,139.19,56.58,5.53
Congo,182.91,167.57,22.45,12.14
New Caledonia,277.31,86.97,12.75,0.00
Guatemala,178.50,137.82,47.42,13.06
Oman,189.62,107.43,40.21,33.12
China PR,123.67,125.49,74.13,46.88
Georgia,180.98,51.57,123.00,13.61
Angola,151.67,126.17,47.65,38.75
Equatorial Guinea,193.07,131.03,23.84,0.00
Suriname,229.68,52.82,59.87,1.70
Botswana,169.97,42.75,82.64,43.88
Ethiopia,194.17,100.80,38.13,5.10
Liberia,184.78,76.54,73.22,0.00
Iraq,115.67,142.41,52.97,17.00
Niger,151.36,85.85,83.87,1.94
Lithuania,140.63,51.68,68.50,60.07
Saudi Arabia,158.89,76.86,45.03,35.21
Mozambique,161.93,74.18,45.30,33.00
Northern Ireland,157.43,47.14,76.47,26.00
Korea DPR,123.70,133.10,32.07,17.23
Qatar,128.35,92.36,61.30,22.90
Kuwait,120.86,88.78,50.99,43.42
Benin,76.11,122.86,36.98,65.62
Tajikistan,184.73,29.14,72.40,15.17
Azerbaijan,134.05,79.37,48.32,35.98
Zimbabwe,119.11,78.27,72.76,21.55
Bahrain,132.87,85.77,26.91,40.73
Malawi,75.00,87.69,66.03,54.13
Latvia,65.60,134.64,21.75,57.79
Lebanon,150.85,98.84,19.35,8.34
Antigua and Barbuda,114.09,91.68,65.99,0.00
Grenada,178.99,38.97,46.22,0.00
Cyprus,120.00,37.14,40.62,58.13
Moldova,139.25,28.22,57.75,30.53
Turkmenistan,121.26,89.58,27.55,15.19
Burundi,139.07,78.93,33.48,0.00
Guyana,95.26,85.61,55.17,13.77
Tanzania,132.29,69.08,36.89,10.63
Kenya,123.18,89.38,24.94,5.77
Puerto Rico,129.36,71.98,39.60,0.00
Namibia,105.78,106.96,19.17,8.50
Rwanda,109.96,95.06,19.31,15.90
St Vincent and the Grenadines,141.68,68.48,26.07,1.70
Malta,137.17,80.03,11.70,7.28
Sudan,93.71,64.29,68.76,1.70
Sudan,93.71,64.29,68.76,1.70
Kyrgyz Republic,214.15,0.00,7.74,5.72
Thailand,107.30,56.80,36.43,22.76
St Kitts and Nevis,66.00,88.00,56.93,7.07
Afghanistan,150.50,44.81,18.54,0.00
Luxembourg,71.75,97.82,28.82,11.70
Philippines,126.58,58.59,21.30,1.70
St Lucia,182.95,12.10,12.38,0.00
Belize,82.54,84.70,37.68,0.00
Hong Kong,106.86,46.58,15.97,10.99
India,119.22,24.37,15.96,17.34
Barbados,143.26,9.43,22.44,0.00
Syria,86.70,19.78,37.22,30.56
Liechtenstein,74.00,30.00,57.64,11.58
Kazakhstan,71.06,41.39,44.48,15.00
Palestine,88.03,48.56,25.92,5.41
Mauritania,156.86,0.00,2.58,0.00
Solomon Islands,86.06,53.24,12.75,0.00
Maldives,87.55,37.37,13.03,11.90
Tahiti,37.54,95.71,13.26,0.00
Singapore,81.70,13.56,29.48,17.28
Vietnam,46.91,34.31,39.80,18.35
Bermuda,0.00,138.60,0.00,0.00
Bangladesh,81.70,4.30,37.78,14.34
Nicaragua,49.72,79.15,9.20,0.00
Lesotho,80.91,44.10,0.00,10.17
Chad,0.00,113.77,8.57,12.24
Malaysia,64.50,26.98,28.03,13.09
Gambia,0.00,60.11,45.60,18.56
Dominica,66.00,0.00,52.67,5.10
São Tomé e Príncipe,0.00,120.04,0.00,0.00
Myanmar,98.37,0.00,10.96,10.20
Aruba,42.68,44.88,26.40,0.00
Pakistan,77.94,14.19,14.65,6.80
Indonesia,36.28,13.07,41.89,7.74
Sri Lanka,64.50,12.90,8.44,9.37
Nepal,24.19,14.73,43.64,12.04
Laos,67.81,0.00,16.36,0.00
Yemen,0.00,27.09,21.82,34.13
Mauritius,62.49,17.20,2.15,0.00
Faroe Islands,0.00,0.00,49.69,31.66
Chinese Taipei,32.25,17.20,19.01,6.80
Guam,49.45,21.44,0.00,0.00
Vanuatu,0.00,50.14,16.39,0.00
Montserrat,66.00,0.00,0.00,0.00
Swaziland,27.14,14.33,6.68,13.57
Curaçao,0.00,39.12,19.11,2.89
Guinea-Bissau,0.00,18.99,38.96,0.00
Brunei Darussalam,51.60,0.00,0.00,0.00
Timor-Leste,51.60,0.00,0.00,0.00
Fiji,0.00,42.50,7.65,0.00
Madagascar,0.00,26.88,23.11,0.00
Mongolia,21.50,0.00,27.09,0.00
Samoa,0.00,46.48,0.00,0.00
Tonga,0.00,42.50,0.00,0.00
US Virgin Islands,0.00,0.00,42.24,0.00
Bahamas,0.00,0.00,39.60,0.00
Comoros,8.60,0.00,16.77,7.65
Cayman Islands,0.00,13.20,19.80,0.00
American Samoa,0.00,30.36,0.00,0.00
Eritrea,0.00,18.92,0.00,5.10
Seychelles,0.00,13.44,10.32,0.00
Papua New Guinea,0.00,23.02,0.00,0.00
British Virgin Islands,0.00,13.20,7.92,0.00
Cambodia,0.00,0.00,20.00,0.00
Somalia,0.00,13.98,0.00,0.00
Macau,7.17,0.00,5.53,0.00
Djibouti,0.00,10.75,0.00,0.00
South Sudan,0.00,9.89,0.00,0.00
Cook Islands,0.00,8.85,0.00,0.00
Andorra,0.00,7.58,0.00,0.00
Anguilla,0.00,0.00,2.20,0.00
Bhutan,0.00,0.00,0.00,0.00
San Marino,0.00,0.00,0.00,0.00
Turks and Caicos Islands,0.00,0.00,0.00,0.00
