Team,Ranking1,Ranking2,Ranking3,Ranking4
Argentina,903.24,331.33,281.28,119.05
Brazil,856.36,292.35,238.81,141.09
Germany,752.68,239.33,327.16,113.69
Chile,707.78,391.79,157.26,129.08
Belgium,600.01,382.47,254.71,134.28
France,862.90,145.38,210.09,94.96
Colombia,699.86,229.92,241.79,132.16
Portugal,617.85,317.94,171.08,133.37
Uruguay,620.21,266.15,175.76,133.02
Spain,507.92,391.69,126.12,141.91
Switzerland,602.17,245.11,157.10,135.20
Wales,610.14,311.50,129.97,68.01
England,568.56,297.89,156.99,89.35
Poland,702.26,217.71,136.74,44.45
Italy,597.80,221.22,155.86,111.82
Croatia,568.50,246.69,137.99,85.46
Mexico,575.48,220.48,135.56,84.53
Peru,638.51,188.62,61.15,77.09
Costa Rica,530.11,116.31,209.03,92.16
Iceland,512.28,173.91,127.27,85.20
Netherlands,362.21,154.11,265.29,111.57
Ecuador,402.61,297.04,117.61,69.63
Egypt,573.78,134.75,66.80,105.33
Turkey,363.41,336.88,80.34,76.31
Republic of Ireland,447.20,291.59,74.49,41.14
Slovakia,387.16,204.52,191.56,59.81
Hungary,366.73,314.16,87.54,61.75
Bosnia and Herzegovina,367.05,253.39,104.00,102.19
USA,406.90,180.24,91.79,139.16
Ukraine,363.62,193.57,121.30,126.94
Senegal,471.11,125.39,145.57,56.47
IR Iran,468.14,137.89,102.64,88.85
Cameroon,504.72,109.70,97.28,84.77
Austria,205.01,320.98,164.61,92.11
Northern Ireland,336.98,255.03,131.27,48.79
Tunisia,453.67,86.02,158.54,71.00
Congo DR,467.24,116.73,132.35,33.27
Burkina Faso,546.76,62.42,72.79,54.26
Korea Republic,401.08,141.23,103.07,45.12
Romania,191.18,232.61,187.65,76.77
Nigeria,432.93,88.11,105.49,59.78
Paraguay,367.18,219.80,43.70,52.20
Greece,340.62,125.84,98.54,117.33
Sweden,302.57,231.24,70.03,75.37
Ghana,354.21,111.64,152.27,56.40
Czech Republic,234.14,184.14,178.98,71.67
Côte d'Ivoire,300.78,142.63,148.93,69.37
Morocco,452.50,122.63,44.72,40.57
Denmark,289.97,155.35,114.16,97.57
Algeria,257.31,125.53,163.95,97.12
Serbia,329.08,148.04,66.15,93.32
Japan,358.14,131.80,98.11,41.01
Panama,339.44,146.87,51.77,85.60
Australia,360.57,126.76,81.71,51.84
Albania,239.65,200.26,118.18,59.85
Saudi Arabia,324.72,192.28,36.77,59.41
Slovenia,296.98,125.95,79.91,105.81
Mali,365.16,97.18,88.38,49.52
Venezuela,369.63,120.30,17.76,89.23
Israel,318.04,60.28,149.82,66.20
Russia,170.61,250.47,103.83,67.13
South Africa,306.25,102.40,98.08,55.96
Uzbekistan,311.39,124.38,60.74,57.53
Montenegro,368.56,58.47,80.51,41.84
Honduras,363.72,64.76,28.73,89.81
Benin,311.10,129.84,57.43,33.02
Scotland,196.45,123.80,109.59,96.94
United Arab Emirates,256.84,118.15,73.64,75.55
Haiti,276.06,148.16,66.62,26.89
Guinea,217.60,103.20,119.16,58.41
Bulgaria,259.88,113.14,75.27,43.70
Belarus,222.26,173.45,41.76,32.19
Curaçao,364.44,68.35,28.56,5.28
Cape Verde Islands,53.13,197.98,108.64,106.26
Uganda,212.96,135.59,77.34,38.19
Congo,164.42,125.88,126.07,39.06
St Kitts and Nevis,301.16,84.99,56.48,0.00
Jamaica,160.20,186.97,69.94,25.48
Guatemala,273.26,76.13,90.27,2.50
Guinea-Bissau,320.39,52.45,61.38,0.00
Norway,143.25,172.34,76.18,33.76
Faroe Islands,229.35,108.28,81.08,3.78
Armenia,255.57,36.71,26.06,104.13
Trinidad and Tobago,124.65,160.51,95.94,39.43
Qatar,198.84,146.20,42.49,30.13
China PR,213.32,79.49,73.49,37.88
Kenya,225.29,102.37,31.98,32.74
Gabon,175.64,67.97,114.61,33.60
Azerbaijan,237.22,92.35,12.78,45.18
Antigua and Barbuda,181.23,109.44,79.77,0.00
Zambia,151.03,101.47,90.69,25.24
Libya,216.75,94.39,8.90,46.28
Syria,220.19,104.40,15.30,17.14
Sierra Leone,221.17,58.26,36.15,39.65
Bolivia,139.58,144.48,26.65,42.97
Kazakhstan,219.75,84.73,27.03,20.23
Finland,35.53,184.85,59.49,69.72
Swaziland,208.85,113.44,23.88,2.41
Namibia,216.01,62.61,48.68,19.56
Rwanda,133.88,84.05,113.86,13.53
Togo,184.80,47.55,77.14,29.15
Liberia,172.13,102.93,22.83,40.30
Ethiopia,196.78,58.48,46.81,33.37
Malawi,163.63,74.94,69.22,24.42
Zimbabwe,204.73,71.12,25.73,28.27
Mozambique,160.37,76.41,73.04,19.72
Mauritania,162.47,92.72,55.23,15.88
Central African Republic,217.18,101.58,6.45,0.00
Lithuania,177.27,47.03,62.23,37.35
Equatorial Guinea,73.44,89.54,145.38,13.59
New Zealand,229.31,31.79,12.64,37.08
Jordan,97.36,117.20,30.86,62.06
Latvia,128.58,90.12,58.53,29.02
El Salvador,122.11,90.59,44.61,44.53
Botswana,102.85,103.46,49.12,43.43
Cyprus,61.88,125.61,78.44,28.42
Nicaragua,147.43,144.71,0.00,0.00
Canada,118.40,131.24,33.58,8.74
Estonia,96.49,105.51,58.91,30.30
Korea DPR,124.31,141.79,11.37,3.30
Oman,101.58,80.34,43.81,51.07
Iraq,91.69,102.14,67.75,11.90
Philippines,140.06,74.77,32.35,25.46
Kyrgyz Republic,92.41,123.40,20.09,29.37
Georgia,137.23,87.81,24.94,12.64
Bahrain,112.84,56.82,48.76,36.73
Thailand,111.48,100.51,30.41,10.84
Palestine,91.46,95.14,42.43,17.20
Suriname,233.14,0.00,6.38,5.28
India,171.36,49.86,2.58,20.53
Dominican Republic,180.29,0.00,45.63,15.73
Niger,98.18,87.82,33.37,21.70
Tajikistan,135.53,44.41,19.72,31.48
Luxembourg,104.75,63.61,31.45,30.66
Madagascar,76.50,99.11,44.12,0.00
Vietnam,112.48,60.56,36.79,9.49
Guyana,154.82,54.74,9.28,0.00
Burundi,85.43,81.85,36.59,14.45
Sudan,81.77,62.16,51.96,20.83
Maldives,124.46,25.04,45.92,12.06
Comoros,142.66,42.82,19.25,0.00
Hong Kong,77.16,93.89,12.85,19.57
Lesotho,101.24,32.79,43.31,24.36
Turkmenistan,63.75,103.99,19.35,12.90
Puerto Rico,141.90,38.17,13.77,0.00
Lebanon,73.95,62.19,34.27,22.95
Mauritius,132.78,50.58,0.00,8.12
Yemen,127.50,41.33,15.31,0.00
Angola,29.80,60.86,60.33,32.60
Tahiti,170.00,0.00,0.00,13.52
Afghanistan,74.80,47.05,25.54,32.01
Chad,0.00,146.63,32.77,0.00
São Tomé e Príncipe,118.58,58.65,0.00,0.00
Belize,43.11,124.31,0.00,8.55
Cuba,63.75,50.08,39.46,22.18
Barbados,63.75,63.48,43.10,0.00
Chinese Taipei,112.63,27.89,2.21,10.39
Tanzania,14.28,58.29,55.46,24.33
Myanmar,50.19,38.89,31.02,30.10
Grenada,85.00,33.24,17.73,13.62
Aruba,0.00,96.90,50.04,0.00
Malaysia,78.99,29.36,20.98,16.41
Moldova,55.21,16.91,34.05,38.60
Singapore,37.66,65.34,16.92,17.67
FYR Macedonia,24.87,41.06,33.72,35.47
Kosovo,134.74,0.00,0.00,0.00
Laos,86.70,13.23,14.65,19.35
Kuwait,0.00,78.86,24.54,30.17
New Caledonia,107.19,0.00,0.00,15.81
Indonesia,76.42,12.75,19.52,14.24
South Sudan,0.00,111.56,11.09,0.00
Papua New Guinea,121.76,0.00,0.00,0.00
Nepal,85.00,24.79,0.00,10.54
St Vincent and the Grenadines,0.00,47.79,61.70,7.04
Cambodia,74.38,28.93,12.75,0.00
Dominica,63.75,38.20,5.31,7.04
Bhutan,85.00,24.52,0.00,0.00
Gambia,39.95,47.76,0.00,18.58
Vanuatu,89.25,17.00,0.00,0.00
St Lucia,0.00,54.54,35.00,13.62
Fiji,72.25,29.75,0.00,0.00
Guam,0.00,52.77,16.44,19.78
Malta,16.46,29.54,17.45,21.83
Brunei Darussalam,42.50,31.88,7.65,0.00
Macau,58.44,10.63,12.80,0.00
Seychelles,45.54,13.96,7.65,10.53
Bermuda,0.00,76.96,0.00,0.00
Liechtenstein,0.00,21.04,42.43,13.11
Solomon Islands,76.50,0.00,0.00,0.00
Bangladesh,15.18,19.99,20.43,14.79
American Samoa,0.00,63.75,0.00,0.00
Cook Islands,0.00,63.75,0.00,0.00
Samoa,0.00,63.75,0.00,0.00
Timor-Leste,3.86,49.58,0.00,0.00
US Virgin Islands,0.00,43.99,0.00,0.00
Sri Lanka,8.50,9.11,10.20,15.05
Mongolia,34.00,0.00,0.00,4.30
Pakistan,0.00,10.63,8.87,13.26
Montserrat,0.00,10.63,19.80,0.00
Cayman Islands,0.00,21.25,0.00,0.00
Turks and Caicos Islands,0.00,0.00,19.80,0.00
San Marino,0.00,0.00,16.63,0.00
Andorra,9.48,0.00,0.00,2.20
British Virgin Islands,0.00,10.63,0.00,0.00
Anguilla,0.00,0.00,0.00,0.00
Bahamas,0.00,0.00,0.00,0.00
Djibouti,0.00,0.00,0.00,0.00
Eritrea,0.00,0.00,0.00,0.00
Gibraltar,0.00,0.00,0.00,0.00
Somalia,0.00,0.00,0.00,0.00
Tonga,0.00,0.00,0.00,0.00
