Team,Ranking1,Ranking2,Ranking3,Ranking4
Argentina,903.24,331.33,297.79,111.91
Brazil,856.36,292.35,247.15,137.66
Germany,752.68,239.33,337.81,113.52
Chile,707.78,391.79,169.36,119.86
Belgium,600.01,382.47,271.82,125.07
France,862.90,145.38,212.88,96.54
Colombia,699.86,229.92,258.34,123.55
Portugal,617.85,317.94,174.91,129.42
Uruguay,620.21,266.15,186.48,127.04
Spain,507.92,391.69,121.88,140.24
Switzerland,602.17,245.11,166.36,124.27
Wales,610.14,311.50,128.60,70.59
Poland,702.26,217.71,159.53,41.27
England,568.56,297.89,156.58,90.91
Italy,597.80,221.22,170.02,105.60
Croatia,568.50,246.69,145.25,81.57
Mexico,582.25,219.53,141.94,82.02
Peru,638.51,188.62,61.15,77.09
Costa Rica,530.11,116.31,215.28,91.77
Egypt,593.82,136.07,56.00,118.09
Netherlands,362.21,154.11,281.87,102.28
Ecuador,402.61,297.04,117.07,70.59
Iceland,482.15,173.91,141.42,77.45
Republic of Ireland,447.20,291.59,82.76,38.20
Slovakia,387.16,204.52,199.30,62.47
Turkey,363.41,336.88,71.77,78.70
Hungary,366.73,314.16,98.48,54.88
Senegal,507.35,114.94,155.49,53.25
Bosnia and Herzegovina,367.05,253.39,114.40,90.83
USA,406.90,180.24,97.91,133.11
Ukraine,363.62,193.57,116.03,125.15
Cameroon,504.72,109.70,103.00,77.70
IR Iran,468.14,137.89,105.07,82.82
Austria,205.01,320.98,179.85,86.76
Northern Ireland,336.98,255.03,149.24,44.64
Burkina Faso,588.82,56.18,78.23,54.76
Tunisia,453.67,86.02,167.22,67.53
Congo DR,467.24,116.73,132.35,33.27
Romania,191.18,232.61,206.01,73.37
Korea Republic,401.08,141.23,99.88,48.44
Nigeria,432.93,88.11,110.01,54.12
Czech Republic,234.14,184.14,198.54,67.30
Ghana,354.21,111.64,161.23,56.40
Paraguay,367.18,219.80,49.94,46.40
Sweden,302.57,231.24,77.81,70.35
Greece,340.62,125.84,106.75,105.60
Côte d'Ivoire,300.78,142.63,153.74,65.95
Denmark,289.97,155.35,128.43,88.70
Morocco,452.50,122.63,46.67,38.94
Algeria,257.31,125.53,165.15,97.06
Japan,358.14,131.80,98.90,41.85
Serbia,329.08,148.04,59.46,91.97
Panama,343.62,145.93,51.77,85.60
Albania,239.65,200.26,125.19,57.80
Australia,360.57,126.76,86.82,47.52
Israel,318.04,60.28,179.79,58.84
Saudi Arabia,324.72,192.28,32.78,60.14
Slovenia,296.98,125.95,91.33,95.23
Venezuela,369.63,116.10,34.83,80.31
Russia,170.61,250.47,99.73,70.62
Mali,365.16,97.18,92.86,30.58
South Africa,306.25,102.40,105.62,52.67
Uzbekistan,324.59,119.60,58.82,57.85
Montenegro,368.56,58.47,71.19,47.29
Honduras,363.72,64.76,20.00,89.99
Benin,311.10,129.84,57.43,33.02
Scotland,196.45,123.80,108.36,95.05
United Arab Emirates,256.84,118.15,72.66,73.80
Haiti,276.06,148.16,66.62,26.89
Guinea,217.60,103.20,118.60,61.55
Bulgaria,259.88,113.14,69.08,46.41
Belarus,222.26,173.45,46.98,29.71
St Kitts and Nevis,330.11,82.34,56.48,0.00
Uganda,212.96,135.59,82.87,36.07
Curaçao,364.44,68.35,28.56,5.28
Jamaica,175.54,186.97,76.51,25.70
Cape Verde Islands,53.13,197.98,118.24,91.03
Congo,164.42,125.88,126.07,39.06
Guatemala,272.59,80.06,90.27,2.50
Guinea-Bissau,320.39,52.45,61.38,0.00
Norway,143.25,172.34,79.01,33.76
Faroe Islands,229.35,108.28,81.08,3.78
Trinidad and Tobago,124.65,160.51,95.94,39.43
Qatar,198.84,146.20,41.35,28.73
Armenia,255.57,36.71,29.32,92.56
China PR,213.32,79.49,78.74,34.96
Gabon,175.64,67.97,122.82,32.69
Kenya,225.29,102.37,31.98,32.74
Azerbaijan,237.22,92.35,5.87,44.78
Antigua and Barbuda,181.23,109.44,79.77,0.00
Zambia,151.03,101.47,90.77,26.75
Libya,216.75,94.39,8.90,46.28
Rwanda,133.88,84.05,132.71,13.50
Kazakhstan,219.75,90.43,26.29,20.16
Sierra Leone,221.17,58.26,36.15,39.65
Syria,220.19,104.40,15.30,15.00
Bolivia,139.58,144.48,26.65,42.97
Swaziland,208.85,113.44,21.35,7.05
Namibia,216.01,62.61,44.35,19.19
Finland,35.53,184.85,49.37,71.89
Togo,184.80,47.55,77.14,29.15
Liberia,172.13,102.93,22.83,40.30
Malawi,163.63,74.94,75.51,21.98
Ethiopia,196.78,58.48,46.81,33.37
Mozambique,160.37,76.41,77.22,19.62
Mauritania,162.47,92.72,60.31,15.93
Lithuania,177.27,47.03,66.74,34.80
Central African Republic,217.18,101.58,6.45,0.00
Zimbabwe,204.73,71.12,17.71,28.98
Equatorial Guinea,73.44,89.54,145.38,13.59
Latvia,128.58,90.12,66.89,26.38
New Zealand,229.31,31.79,12.64,32.44
El Salvador,132.28,84.12,44.61,44.53
Cyprus,61.88,125.61,85.76,27.64
Jordan,97.36,117.20,21.88,63.17
Botswana,102.85,103.46,49.99,42.07
Canada,119.31,131.24,33.58,8.74
Nicaragua,147.43,144.71,0.00,0.00
Estonia,96.49,105.51,58.91,30.30
Suriname,272.00,0.00,6.38,5.28
Korea DPR,124.31,141.79,12.64,3.30
Iraq,91.69,102.14,57.69,22.88
Oman,101.58,80.34,40.02,52.03
Philippines,140.06,74.77,35.23,21.22
Kyrgyz Republic,92.41,123.40,20.09,29.37
Georgia,137.23,87.81,20.93,14.81
Bahrain,112.84,56.82,47.27,37.29
Thailand,111.48,100.51,33.18,9.03
Niger,98.18,87.82,35.92,20.06
Dominican Republic,180.29,0.00,45.63,15.73
Guyana,159.38,67.49,9.28,0.00
India,171.36,49.86,0.00,11.72
Tajikistan,135.53,44.41,19.72,31.48
Palestine,91.46,95.14,42.43,0.00
Luxembourg,104.75,63.61,28.09,30.81
Vietnam,112.48,60.56,28.84,19.95
Madagascar,76.50,99.11,44.12,0.00
Sudan,81.77,62.16,51.96,20.83
Burundi,85.43,81.85,33.19,14.14
Maldives,124.46,25.04,45.92,10.35
Lesotho,101.24,32.79,50.01,21.02
Hong Kong,77.16,93.89,14.68,16.77
Comoros,142.66,42.82,12.13,4.75
Turkmenistan,63.75,103.99,19.35,12.90
Puerto Rico,141.90,38.17,13.77,0.00
Mauritius,132.78,50.58,0.00,8.12
Angola,29.80,60.86,65.23,31.06
Yemen,127.50,41.33,17.22,0.00
Tahiti,170.00,0.00,0.00,13.52
Chad,0.00,146.63,32.77,0.00
São Tomé e Príncipe,118.58,58.65,0.00,0.00
Belize,43.11,124.31,0.00,8.55
Cuba,63.75,50.08,39.46,22.18
Barbados,63.75,59.15,51.21,0.00
Lebanon,83.19,57.41,6.02,25.79
Afghanistan,74.80,47.05,25.54,22.93
Tanzania,14.28,58.29,60.58,23.58
Grenada,85.00,38.89,14.48,13.62
Chinese Taipei,112.63,27.89,2.21,6.09
Aruba,0.00,96.90,50.04,0.00
Malaysia,78.99,29.36,15.31,21.94
Moldova,55.21,15.25,31.06,37.94
Singapore,37.66,65.34,18.62,16.07
Kosovo,134.74,0.00,0.00,0.00
Kuwait,0.00,78.86,26.07,28.16
FYR Macedonia,24.87,41.06,27.10,37.26
Indonesia,76.42,12.75,21.47,12.46
New Caledonia,107.19,0.00,0.00,15.81
South Sudan,0.00,111.56,11.09,0.00
Nepal,85.00,24.79,0.00,12.56
Papua New Guinea,121.76,0.00,0.00,0.00
Myanmar,50.19,38.89,31.02,0.00
Laos,86.70,13.23,14.65,1.72
Cambodia,74.38,28.93,12.75,0.00
Dominica,63.75,38.20,5.31,7.04
St Vincent and the Grenadines,0.00,54.89,49.63,7.04
Bhutan,85.00,24.52,0.00,0.00
St Lucia,0.00,54.54,39.37,13.62
Gambia,39.95,47.76,0.00,18.58
Vanuatu,89.25,17.00,0.00,0.00
Fiji,72.25,29.75,0.00,0.00
Malta,16.46,29.54,20.94,19.65
Bermuda,0.00,75.61,10.20,0.00
Liechtenstein,0.00,21.04,49.50,11.80
Brunei Darussalam,42.50,31.88,7.65,0.00
Macau,58.44,10.63,12.80,0.00
Seychelles,45.54,13.96,7.65,10.53
Solomon Islands,76.50,0.00,0.00,0.00
Guam,0.00,52.77,16.44,6.88
American Samoa,0.00,63.75,0.00,0.00
Cook Islands,0.00,63.75,0.00,0.00
Samoa,0.00,63.75,0.00,0.00
Bangladesh,15.18,19.99,17.85,3.61
Timor-Leste,3.86,49.58,0.00,0.00
US Virgin Islands,0.00,43.99,0.00,0.00
Mongolia,34.00,0.00,0.00,0.00
Sri Lanka,8.50,9.11,10.20,5.16
Pakistan,0.00,10.63,8.87,12.47
Montserrat,0.00,10.63,19.80,0.00
Andorra,26.85,0.00,0.00,1.93
Cayman Islands,0.00,21.25,0.00,0.00
Turks and Caicos Islands,0.00,0.00,19.80,0.00
San Marino,0.00,0.00,16.63,0.00
British Virgin Islands,0.00,10.63,0.00,0.00
Anguilla,0.00,0.00,0.00,0.00
Bahamas,0.00,0.00,0.00,0.00
Djibouti,0.00,0.00,0.00,0.00
Eritrea,0.00,0.00,0.00,0.00
Gibraltar,0.00,0.00,0.00,0.00
Somalia,0.00,0.00,0.00,0.00
Tonga,0.00,0.00,0.00,0.00
