Team,Ranking1,Ranking2,Ranking3,Ranking4
Spain,835.36,248.71,315.58,138.46
Germany,761.63,327.52,259.81,79.20
Argentina,742.10,236.78,227.49,89.70
Croatia,649.93,308.86,137.86,94.16
Portugal,552.90,324.28,138.29,147.16
Colombia,739.06,270.69,52.61,91.82
England,574.33,269.32,193.63,97.40
Italy,602.66,268.15,142.45,104.23
Netherlands,485.47,168.03,330.33,109.33
Ecuador,731.89,196.24,50.95,79.07
Russia,553.52,293.69,116.86,87.60
Côte d'Ivoire,517.23,259.52,134.26,97.14
Greece,494.61,251.03,146.62,93.88
Switzerland,535.07,224.84,120.39,86.71
Belgium,642.41,145.72,115.83,49.20
Mexico,499.93,235.52,104.99,104.96
Uruguay,274.21,375.61,188.83,93.23
France,445.41,250.62,120.88,97.03
Brazil,290.81,225.96,190.31,195.17
Denmark,365.36,330.09,124.55,79.74
Bosnia and Herzegovina,519.05,240.55,85.05,51.26
Ghana,446.37,190.93,157.49,79.65
Chile,359.60,235.36,143.41,109.12
Sweden,367.96,268.11,129.15,73.23
Czech Republic,434.77,233.50,92.99,67.95
Mali,502.51,216.92,52.37,54.65
Montenegro,481.06,72.25,165.80,70.21
Nigeria,520.28,96.88,56.00,107.11
USA,393.69,175.13,108.24,102.19
Japan,392.56,133.51,185.11,61.38
Norway,324.78,162.28,162.12,110.51
Peru,391.54,208.74,73.94,78.67
Hungary,417.25,205.33,81.61,44.80
Romania,436.19,163.34,56.80,89.37
Algeria,393.81,164.48,62.42,114.50
Venezuela,401.95,185.07,50.84,64.96
Ukraine,390.29,113.17,83.18,87.89
Panama,382.75,165.35,83.45,31.16
Republic of Ireland,228.81,269.25,101.40,62.54
Serbia,289.00,133.06,128.88,107.71
Tunisia,366.71,148.54,71.07,60.99
Korea Republic,267.84,184.40,132.65,58.76
Albania,437.27,51.68,107.61,43.31
Paraguay,243.07,191.93,121.92,76.80
Turkey,285.88,161.00,117.82,69.33
Zambia,302.75,227.13,46.86,51.64
Australia,192.79,201.91,130.83,98.92
Costa Rica,365.70,123.32,52.33,74.23
Wales,275.67,263.50,10.67,38.70
Burkina Faso,381.09,45.64,93.50,66.56
Honduras,326.13,119.71,65.55,75.83
Bulgaria,414.15,43.07,62.84,62.54
Jamaica,290.93,142.85,102.78,34.09
Slovakia,197.18,142.11,135.33,88.00
Slovenia,147.83,152.68,138.59,121.31
South Africa,282.51,88.39,138.66,31.00
IR Iran,250.48,144.40,96.05,47.25
Bolivia,411.25,69.50,14.07,42.00
Israel,261.59,107.50,83.03,84.02
Haiti,287.83,152.72,56.39,39.12
Equatorial Guinea,370.23,141.08,23.84,0.00
Cameroon,275.53,125.53,35.89,96.45
Poland,282.75,151.76,55.20,38.99
Central African Republic,379.32,69.52,78.95,0.00
Libya,225.91,167.99,111.82,17.95
Uzbekistan,277.53,150.50,67.28,26.03
Sierra Leone,269.75,204.25,42.96,0.00
Egypt,226.77,110.60,53.79,121.06
Belarus,246.27,112.89,106.97,36.07
Guinea,234.30,127.22,95.68,22.77
Austria,241.30,117.31,54.75,58.65
Togo,305.70,108.72,15.91,40.00
Iceland,349.50,66.43,20.64,32.46
Morocco,202.15,167.18,61.94,34.31
Cape Verde Islands,242.70,118.68,92.60,10.33
Senegal,230.41,88.45,108.51,35.37
Jordan,241.77,114.78,72.83,32.64
Congo,301.43,123.45,22.45,12.14
Scotland,166.25,183.22,56.46,53.50
Canada,221.25,121.52,50.05,64.15
Gabon,157.33,165.51,46.68,79.99
Trinidad and Tobago,248.56,117.25,52.48,28.29
Finland,232.35,116.98,37.17,57.67
FYR Macedonia,272.71,73.34,44.07,51.32
El Salvador,146.01,193.66,46.96,53.07
Congo DR,303.67,81.41,36.23,13.77
Cuba,317.35,16.43,98.79,0.00
New Zealand,307.98,0.00,90.06,34.79
United Arab Emirates,277.90,72.85,36.93,35.26
Armenia,103.28,177.42,106.94,33.00
Uganda,245.07,78.28,51.27,38.68
Estonia,118.40,175.38,85.29,32.39
Angola,181.25,150.32,29.03,40.53
Guatemala,206.81,144.82,29.73,18.97
Dominican Republic,269.17,106.81,19.80,0.00
Georgia,203.60,51.57,128.02,10.43
Iraq,151.89,146.93,55.79,36.40
China PR,131.43,142.20,74.57,40.01
Benin,244.38,25.37,44.38,66.78
Niger,220.71,55.14,85.94,0.00
Qatar,152.51,96.47,61.69,34.42
Oman,173.89,107.82,36.56,25.89
Liberia,196.20,126.23,11.22,0.00
New Caledonia,267.17,53.19,12.75,0.00
Zimbabwe,172.26,110.65,22.45,24.25
Mozambique,174.35,78.48,45.30,30.80
Ethiopia,218.92,68.82,35.37,5.10
Saudi Arabia,149.41,94.60,39.79,39.85
Malawi,153.08,50.00,70.36,49.32
Latvia,99.40,120.59,27.14,75.36
Lithuania,125.60,49.38,75.36,65.82
Tajikistan,184.73,84.24,25.80,17.34
Kuwait,121.34,103.63,46.39,40.08
Suriname,191.40,58.10,59.87,1.70
Korea DPR,131.92,123.59,27.14,26.55
Tanzania,203.95,48.38,39.06,14.76
Bahrain,120.79,98.02,26.91,45.47
Antigua and Barbuda,122.96,90.34,62.99,11.25
Northern Ireland,137.75,41.25,76.47,29.71
Azerbaijan,116.09,76.87,51.31,31.63
Grenada,178.99,26.40,66.69,3.23
Kenya,136.80,86.14,28.27,15.23
Cyprus,135.00,37.14,40.62,49.23
Burundi,133.87,106.88,20.42,0.00
Botswana,86.55,41.41,109.45,19.89
Namibia,125.99,104.25,6.86,20.33
Puerto Rico,139.48,78.10,39.60,0.00
Guyana,73.28,101.72,59.15,13.77
Lebanon,112.68,121.12,0.00,8.34
Belize,121.15,104.78,13.15,0.00
St Vincent and the Grenadines,141.68,65.51,26.97,1.70
Vietnam,61.37,136.10,14.89,21.70
Turkmenistan,121.26,76.33,18.78,15.19
Sudan,95.15,74.56,54.25,0.00
Sudan,95.15,74.56,54.25,0.00
Tahiti,175.60,32.05,13.26,0.00
Rwanda,75.76,108.48,22.53,11.93
St Kitts and Nevis,66.00,88.00,56.93,7.07
Syria,86.70,60.75,36.48,31.15
Moldova,89.60,31.75,54.71,38.35
Afghanistan,150.50,39.68,19.35,0.00
St Lucia,182.95,21.63,5.50,0.00
Thailand,93.67,62.07,26.24,25.61
Kyrgyz Republic,193.50,0.00,7.74,4.91
Philippines,116.86,61.85,18.56,1.70
Kazakhstan,78.67,86.63,21.26,12.50
Barbados,143.26,11.60,33.00,0.00
Gambia,60.20,75.36,32.90,18.56
Liechtenstein,47.50,107.14,17.01,9.93
Luxembourg,51.25,85.59,33.96,11.23
India,119.22,26.93,14.38,17.34
Hong Kong,108.87,34.22,21.50,10.99
Aruba,104.98,57.73,0.00,0.00
Palestine,86.00,57.46,15.51,2.62
Bangladesh,81.70,56.82,7.74,14.34
Lesotho,90.25,51.77,0.00,11.76
Malta,71.67,62.67,11.70,6.47
Nicaragua,60.63,82.28,6.60,0.00
Myanmar,106.57,27.77,4.30,10.20
Maldives,87.55,28.05,18.16,11.90
São Tomé e Príncipe,0.00,144.05,0.00,0.00
Faroe Islands,0.00,93.75,19.74,29.57
Malaysia,65.95,39.15,25.17,13.09
Solomon Islands,104.90,37.31,0.00,0.00
Bermuda,0.00,138.60,0.00,0.00
Singapore,64.25,39.42,12.00,17.28
Chad,0.00,113.77,16.87,0.00
Dominica,66.00,0.00,52.67,5.10
Laos,73.46,32.25,12.45,0.00
Pakistan,77.94,24.94,8.20,6.80
Indonesia,40.26,33.64,35.25,7.74
Nepal,24.19,46.46,25.80,12.04
Vanuatu,63.75,36.16,2.55,0.00
Yemen,19.35,19.78,25.88,34.94
Sri Lanka,64.50,19.71,5.37,9.37
Mauritania,91.85,0.00,2.58,0.00
Chinese Taipei,32.25,38.09,13.30,6.80
Fiji,42.50,42.50,0.00,0.00
Samoa,0.00,74.38,0.00,0.00
Bahamas,0.00,66.00,0.00,0.00
Guinea-Bissau,0.00,18.99,46.75,0.00
Montserrat,66.00,0.00,0.00,0.00
Curaçao,0.00,42.68,19.11,2.89
Guam,51.96,12.83,0.00,0.00
Swaziland,34.40,19.74,0.00,10.60
Mongolia,21.50,32.25,7.74,0.00
Brunei Darussalam,51.60,0.00,0.00,0.00
Timor-Leste,51.60,0.00,0.00,0.00
Madagascar,0.00,23.04,27.74,0.00
Mauritius,34.40,15.36,0.00,0.00
Cambodia,0.00,32.25,12.90,0.00
Tonga,0.00,42.50,0.00,1.70
Comoros,8.60,24.46,0.00,7.65
US Virgin Islands,0.00,39.11,0.00,0.00
Papua New Guinea,21.25,17.00,0.00,0.00
British Virgin Islands,26.40,0.00,7.92,0.00
Cayman Islands,0.00,13.20,19.80,0.00
American Samoa,0.00,30.36,0.00,0.00
Eritrea,0.00,18.92,0.00,5.10
Seychelles,0.00,21.50,0.00,0.00
South Sudan,19.78,0.00,0.00,0.00
Cook Islands,0.00,8.85,0.00,6.80
Macau,6.14,0.00,7.74,0.00
Somalia,0.00,13.98,0.00,0.00
Djibouti,0.00,10.75,0.00,0.00
Andorra,9.10,0.00,0.00,0.00
Anguilla,0.00,4.40,0.00,0.00
Bhutan,0.00,0.00,0.00,0.00
San Marino,0.00,0.00,0.00,0.00
Turks and Caicos Islands,0.00,0.00,0.00,0.00
