Team,Ranking1,Ranking2,Ranking3,Ranking4
Argentina,617.24,535.08,195.28,124.94
Germany,577.40,520.40,149.24,163.67
Belgium,530.35,431.23,235.47,46.86
Colombia,442.63,439.96,237.84,96.94
Netherlands,519.15,443.78,188.63,52.81
Brazil,521.67,388.21,191.13,84.58
Portugal,600.93,300.87,139.36,135.90
Romania,786.91,183.50,133.37,62.65
England,705.38,205.69,105.27,140.50
Wales,817.58,135.72,93.04,108.45
Chile,579.37,336.86,117.44,95.61
Spain,481.99,262.39,202.99,163.08
Uruguay,340.67,412.97,108.03,174.30
Croatia,546.05,195.18,168.99,112.35
Slovakia,737.88,169.17,68.82,40.36
Austria,698.57,161.41,103.75,52.08
Italy,469.01,233.11,163.25,135.69
Switzerland,367.14,369.69,178.06,82.37
Algeria,484.60,260.30,120.05,76.30
Czech Republic,593.07,120.17,110.06,109.77
Côte d'Ivoire,492.15,180.03,149.58,95.02
France,288.09,386.70,108.37,98.89
Iceland,571.49,165.73,116.50,23.25
Denmark,474.54,198.00,88.22,115.25
Ghana,488.33,123.34,141.77,73.70
Bosnia and Herzegovina,348.60,201.21,193.27,75.76
Ukraine,323.14,265.65,144.60,57.46
Russia,322.79,196.18,148.79,114.05
Scotland,389.89,214.21,93.98,76.00
Poland,524.06,111.63,67.42,65.60
Hungary,432.75,123.25,116.96,90.45
Tunisia,454.98,143.43,89.53,70.26
Sweden,404.51,166.25,87.83,93.29
USA,239.27,301.37,156.32,51.29
Ecuador,265.93,197.91,176.22,97.92
Albania,498.32,52.05,135.99,35.40
Northern Ireland,556.12,99.19,47.23,18.86
IR Iran,437.18,127.78,90.60,60.71
Senegal,501.93,108.08,61.70,43.35
Mexico,241.08,255.30,126.11,74.32
Costa Rica,210.26,311.61,134.22,39.36
Cameroon,407.09,112.08,106.00,46.53
Serbia,307.64,204.20,104.04,46.00
Greece,110.20,283.45,163.63,103.39
Venezuela,262.14,186.85,121.35,72.70
Peru,384.81,34.21,154.95,60.79
Congo,425.46,88.07,49.89,67.03
Turkey,285.17,214.48,58.65,69.11
Slovenia,312.78,180.61,79.65,52.67
Japan,341.48,126.71,79.74,73.05
Israel,419.51,90.59,99.02,10.71
Cape Verde Islands,399.86,17.67,140.29,50.31
Republic of Ireland,393.74,58.20,76.97,78.98
Korea Republic,371.92,87.13,80.14,68.51
Egypt,278.38,208.89,65.31,53.31
Paraguay,308.03,139.41,72.92,82.30
Nigeria,259.01,161.41,139.23,40.92
Guinea,320.12,136.83,83.76,50.30
Australia,364.41,36.06,84.05,74.77
Congo DR,377.55,53.16,87.36,37.31
Mali,278.09,46.58,128.13,97.60
Panama,209.29,171.69,104.38,63.63
Equatorial Guinea,396.56,39.35,57.92,52.41
Trinidad and Tobago,319.81,110.99,65.25,46.90
Gabon,336.96,63.34,56.53,67.25
Bolivia,282.80,86.13,98.08,43.54
Norway,255.81,66.90,113.23,59.05
Bulgaria,277.91,66.69,125.69,18.78
United Arab Emirates,245.05,129.58,83.37,29.14
South Africa,266.31,87.82,94.52,34.30
Zambia,268.71,57.53,67.21,88.57
Burkina Faso,240.77,94.95,134.93,10.50
Uganda,282.84,65.31,79.56,39.68
Faroe Islands,441.79,14.17,0.00,0.00
Uzbekistan,181.07,115.03,94.57,62.09
Jamaica,273.73,60.98,70.96,30.92
China PR,271.46,84.80,27.59,52.58
Rwanda,290.76,72.96,31.29,38.02
Haiti,204.55,89.50,72.69,61.09
Honduras,102.92,171.66,116.17,35.88
Montenegro,181.74,79.52,138.47,23.18
Estonia,246.33,61.45,43.72,68.91
Togo,212.97,72.89,84.93,44.20
Morocco,210.09,60.38,74.98,48.10
Cyprus,298.06,41.88,36.00,14.86
Iraq,205.01,89.44,34.70,52.84
Latvia,210.19,92.89,19.68,53.86
El Salvador,164.48,103.75,48.42,57.60
Armenia,58.69,177.00,70.08,67.02
Sudan,255.00,62.03,28.73,25.71
Finland,103.95,122.95,95.36,48.79
Angola,165.94,88.60,50.26,50.47
Jordan,102.61,123.74,81.86,46.51
Saudi Arabia,160.94,111.40,47.67,34.51
Mozambique,221.06,49.53,54.07,29.67
Benin,164.48,109.01,22.83,49.14
Libya,112.37,91.85,58.95,82.18
Niger,192.31,80.24,38.42,34.34
Qatar,169.20,100.03,38.51,37.14
Belarus,176.85,61.89,74.34,28.23
Ethiopia,185.13,45.54,62.34,40.32
Oman,100.80,128.87,56.89,42.90
Canada,181.69,36.18,54.67,55.68
Cuba,125.99,68.49,114.25,3.99
Guatemala,202.12,0.00,53.55,55.13
FYR Macedonia,95.18,108.51,74.10,32.93
Antigua and Barbuda,232.51,0.00,34.23,36.67
Malawi,201.56,41.03,24.40,35.07
Azerbaijan,98.01,131.76,40.21,31.75
Lithuania,155.82,82.38,42.19,20.67
Sierra Leone,65.45,108.14,53.74,72.62
Zimbabwe,135.76,83.89,36.64,34.14
Bahrain,131.81,75.96,39.86,34.31
Namibia,140.17,54.52,38.12,42.79
St Vincent and the Grenadines,161.85,36.61,42.50,27.39
Kenya,96.56,89.50,41.64,35.05
Syria,182.39,42.85,26.01,11.11
Belize,183.36,0.00,35.38,38.47
Palestine,73.23,135.81,26.41,19.23
St Kitts and Nevis,199.33,0.00,19.80,35.20
Botswana,107.27,76.02,53.51,17.09
Madagascar,167.09,73.53,0.00,9.21
Kuwait,100.38,65.22,36.26,40.61
Philippines,123.61,54.15,37.97,20.51
Moldova,82.50,100.12,41.78,11.29
Dominican Republic,106.46,0.00,80.75,40.14
St Lucia,116.52,43.82,54.89,9.74
Mauritania,116.57,80.10,27.55,0.00
Korea DPR,131.82,0.00,37.11,53.24
Lebanon,80.75,57.87,45.25,34.61
Burundi,102.71,40.21,43.00,31.57
Lesotho,107.74,68.24,22.19,19.20
Guinea-Bissau,124.19,80.84,0.00,7.60
Afghanistan,97.75,51.31,45.15,17.92
Aruba,86.70,83.40,31.50,9.89
Bermuda,153.91,0.00,0.00,55.44
New Zealand,19.04,32.64,118.31,38.78
Swaziland,155.82,34.80,10.47,4.91
Tanzania,56.82,69.06,46.30,27.63
Thailand,134.25,7.91,32.19,24.83
Barbados,151.07,0.00,42.98,3.77
Kazakhstan,89.97,64.79,21.32,16.56
Gambia,120.96,46.44,0.00,21.04
Nicaragua,141.67,0.00,14.92,31.66
Vietnam,77.86,60.63,14.07,35.30
Luxembourg,44.06,82.27,21.53,39.13
Liechtenstein,147.40,0.00,22.20,12.00
Tajikistan,57.80,34.31,55.42,33.70
Curaçao,144.03,13.20,0.00,17.07
Puerto Rico,101.86,0.00,38.81,28.79
Singapore,96.95,34.76,24.51,12.45
Turkmenistan,67.58,32.25,36.38,30.53
Georgia,23.34,67.23,54.29,20.63
Hong Kong,104.55,12.90,32.06,13.98
Guam,119.71,21.55,17.00,5.13
India,85.00,29.29,35.77,10.77
Kyrgyz Republic,63.75,31.83,64.24,0.00
Malta,73.10,10.71,41.15,32.01
Guyana,92.18,0.00,28.58,34.24
Grenada,64.35,18.92,53.70,15.59
Liberia,26.35,38.06,55.43,32.61
Myanmar,80.23,32.25,29.51,2.65
Suriname,46.75,13.20,57.42,23.24
Indonesia,70.38,39.87,10.88,13.06
Timor-Leste,114.96,0.00,15.48,0.00
Bhutan,127.50,0.00,0.00,0.00
New Caledonia,0.00,0.00,83.19,34.79
Malaysia,48.24,37.76,19.35,11.60
Bangladesh,67.09,9.03,24.51,14.62
Central African Republic,0.00,10.75,44.51,55.31
Yemen,71.23,14.33,0.00,18.75
Pakistan,50.83,21.50,23.38,5.68
Chad,0.00,54.61,0.00,45.51
Dominica,65.22,12.57,19.80,0.00
US Virgin Islands,87.98,0.00,0.00,9.43
Maldives,0.00,48.90,26.26,11.92
Laos,45.51,19.78,20.34,0.00
Montserrat,21.25,33.00,19.80,0.00
Chinese Taipei,40.33,15.22,9.68,6.88
Mauritius,37.08,16.91,10.32,7.17
Cambodia,66.36,0.00,0.00,0.00
Macau,63.92,0.00,1.84,0.00
Sri Lanka,24.29,12.90,19.35,5.16
Brunei Darussalam,45.54,0.00,15.48,0.00
Nepal,21.25,22.42,7.26,9.40
Seychelles,18.24,26.32,0.00,7.74
Comoros,13.77,32.08,2.58,2.46
Tahiti,0.00,0.00,11.26,38.28
São Tomé e Príncipe,0.00,0.00,0.00,48.02
Cayman Islands,42.50,0.00,0.00,5.28
Solomon Islands,0.00,0.00,25.82,17.95
San Marino,39.60,0.00,0.00,0.00
Turks and Caicos Islands,0.00,33.00,0.00,0.00
British Virgin Islands,21.25,0.00,0.00,5.28
South Sudan,0.00,18.49,5.93,0.00
Samoa,0.00,0.00,0.00,18.59
Vanuatu,0.00,0.00,0.00,17.37
Tonga,0.00,0.00,0.00,17.00
Fiji,0.00,0.00,0.00,16.29
Bahamas,0.00,0.00,0.00,13.20
American Samoa,0.00,0.00,0.00,12.14
Papua New Guinea,0.00,0.00,0.00,9.21
Andorra,0.00,5.50,0.00,3.03
Eritrea,0.00,0.00,0.00,7.57
Mongolia,0.00,0.00,6.45,0.00
Somalia,0.00,0.00,0.00,5.59
Djibouti,0.00,0.00,0.00,4.30
Cook Islands,0.00,0.00,0.00,3.54
Anguilla,0.00,0.00,0.00,0.00
