Team,Ranking1,Ranking2,Ranking3,Ranking4
Brazil,1025.35,264.88,167.68,146.15
Germany,865.71,353.78,107.12,222.60
Argentina,590.38,422.95,179.91,205.78
Switzerland,854.72,216.70,110.14,147.87
Poland,798.08,318.71,157.22,44.65
Portugal,620.51,345.92,180.28,120.35
Chile,568.15,373.10,173.81,134.74
Colombia,555.48,343.39,132.79,175.98
Belgium,509.85,352.14,159.10,172.49
France,546.08,370.20,86.43,154.68
Spain,548.21,315.80,144.60,104.96
Italy,489.29,336.12,140.70,93.24
England,476.85,280.61,211.61,82.27
Mexico,525.67,308.00,112.73,99.34
Peru,660.78,224.56,113.76,23.56
Croatia,505.80,259.68,163.81,78.07
Uruguay,408.25,319.74,102.20,165.19
Wales,358.88,292.30,245.27,54.29
Sweden,597.36,147.59,121.35,66.50
Iceland,484.85,204.00,171.45,66.29
Costa Rica,474.35,242.00,63.24,138.03
Slovakia,452.57,175.11,221.36,67.67
Northern Ireland,463.47,226.67,166.83,39.68
IR Iran,551.38,159.38,131.15,51.11
Egypt,537.30,161.93,83.51,83.56
USA,466.08,205.12,100.93,93.30
Ukraine,448.12,191.68,96.94,106.26
Congo DR,546.98,137.89,113.27,24.30
Republic of Ireland,415.95,258.56,118.12,23.28
Bosnia and Herzegovina,435.32,194.71,104.58,80.49
Senegal,447.23,147.03,150.58,49.41
Ecuador,316.04,316.32,79.78,79.16
Turkey,305.09,302.47,85.55,85.79
Tunisia,452.69,124.26,136.49,62.59
Cameroon,454.78,116.73,122.13,43.65
Netherlands,309.06,139.64,92.57,192.72
Austria,269.16,179.69,209.57,64.56
Greece,447.29,122.57,33.06,113.38
Nigeria,474.22,99.11,75.46,67.50
Czech Republic,324.93,163.10,177.92,48.07
Paraguay,390.68,174.94,92.41,55.76
Serbia,413.31,167.88,50.53,81.68
Romania,270.51,132.60,236.07,73.40
Japan,399.16,160.07,88.37,48.63
Australia,417.48,147.67,109.32,16.05
Denmark,354.15,107.74,142.36,79.20
Burkina Faso,455.26,109.67,72.23,41.14
Algeria,275.56,151.46,145.38,104.12
Korea Republic,364.86,168.53,101.86,38.59
Ghana,301.23,168.17,146.50,49.34
Slovenia,374.19,112.17,93.83,72.24
Bulgaria,441.79,91.42,83.37,26.67
Montenegro,489.34,66.89,54.52,31.81
Côte d'Ivoire,268.94,148.54,147.65,70.70
Haiti,464.46,86.45,73.68,0.00
Hungary,163.97,273.12,129.83,49.30
Jamaica,364.56,95.46,130.07,24.39
Scotland,310.03,98.82,116.97,85.68
Saudi Arabia,327.46,180.32,48.28,44.56
Morocco,320.63,192.31,63.03,23.95
Panama,358.09,123.37,88.31,22.23
Russia,240.09,174.85,96.84,78.47
Albania,227.05,135.29,199.46,20.82
Uzbekistan,309.61,168.75,54.32,46.01
Mali,294.29,146.60,83.43,20.33
South Africa,277.75,141.71,79.89,36.50
Guinea,279.35,123.17,96.04,36.98
Bolivia,373.00,39.89,84.84,34.45
Venezuela,219.47,148.24,78.64,74.74
Israel,279.68,70.33,125.85,36.24
Belarus,259.81,165.73,53.06,24.76
Armenia,308.94,82.88,17.61,70.80
Uganda,207.40,145.65,80.53,30.14
United Arab Emirates,219.15,114.02,73.52,51.83
Honduras,281.29,84.42,31.64,57.26
Sierra Leone,259.76,121.37,11.19,56.01
China PR,216.92,127.29,72.65,29.94
Qatar,216.47,125.99,52.66,37.39
Azerbaijan,295.71,48.92,29.40,52.70
Syria,247.42,103.35,54.72,17.14
Congo,132.81,107.68,135.02,37.55
Kenya,219.88,125.50,32.40,34.01
Trinidad and Tobago,140.89,108.34,119.49,30.61
Libya,218.03,107.67,33.71,39.57
Norway,115.21,172.44,76.74,26.76
Mauritania,213.83,96.36,48.96,25.11
Curaçao,244.91,90.31,43.21,5.28
Gabon,191.17,55.26,108.86,25.34
Faroe Islands,225.23,12.38,132.54,5.67
Madagascar,218.22,72.73,50.13,29.41
Benin,115.18,181.08,19.13,53.12
Guinea-Bissau,113.79,185.94,24.38,40.92
Palestine,192.46,95.14,21.97,54.32
Cyprus,157.22,94.67,89.42,16.75
Canada,183.48,102.71,58.16,7.37
Zambia,157.46,89.61,80.61,16.86
India,245.31,58.03,25.50,11.72
Estonia,168.57,66.85,73.90,24.58
Lithuania,184.39,68.97,46.75,32.95
Guatemala,142.12,131.40,57.14,0.00
Zimbabwe,151.36,94.38,40.73,38.62
Iraq,154.67,71.67,61.50,35.78
El Salvador,208.71,59.18,52.00,0.00
Mozambique,136.53,93.78,58.08,26.75
Kazakhstan,124.46,130.38,26.99,25.91
Malawi,152.58,61.84,59.10,32.29
Suriname,260.10,33.15,6.38,5.28
Jordan,90.43,128.86,30.78,48.43
Nicaragua,122.77,129.68,42.50,0.00
Finland,37.51,175.20,31.19,49.18
Korea DPR,121.16,130.16,41.63,0.00
Georgia,141.63,114.87,7.00,26.89
Togo,130.12,65.92,63.89,29.15
Cape Verde Islands,35.88,120.59,119.96,7.07
Antigua and Barbuda,79.05,126.97,69.75,0.00
Equatorial Guinea,73.44,64.28,118.97,15.74
Niger,144.93,53.35,57.69,15.79
Central African Republic,91.80,175.14,0.00,4.30
Rwanda,99.37,61.00,60.61,38.54
Oman,88.83,88.63,30.24,51.55
Tanzania,114.61,98.90,15.16,30.44
Ethiopia,129.54,55.35,55.54,18.46
New Zealand,110.35,128.96,5.71,13.05
Bahrain,111.05,75.70,39.54,30.38
St Kitts and Nevis,40.40,155.12,59.80,0.00
Lebanon,155.98,51.54,24.23,23.15
Philippines,122.52,68.15,37.08,21.66
Kyrgyz Republic,92.41,123.40,19.13,12.73
Andorra,240.08,4.15,0.00,2.20
Thailand,93.15,105.92,40.27,3.16
Latvia,59.40,82.08,63.06,37.16
Burundi,90.77,96.52,31.62,15.64
Liberia,60.69,148.48,7.91,15.22
Vietnam,104.20,79.20,23.36,24.25
FYR Macedonia,115.58,40.69,28.55,43.40
Luxembourg,83.55,93.39,13.22,32.91
Namibia,68.12,84.73,42.05,27.92
Angola,86.06,39.99,49.78,43.82
Swaziland,34.85,115.95,46.75,19.49
Botswana,14.03,120.54,24.22,41.74
Turkmenistan,63.75,102.80,20.27,12.90
Maldives,145.21,34.00,0.00,19.56
Comoros,98.07,81.55,4.13,12.83
Lesotho,82.15,46.51,20.94,46.93
New Caledonia,143.08,53.13,0.00,0.00
Hong Kong,89.76,65.75,31.37,5.16
Yemen,106.68,57.73,21.37,5.73
South Sudan,85.11,92.97,0.00,7.40
Chinese Taipei,142.27,24.44,12.10,6.09
Tahiti,127.50,53.12,0.00,0.00
Tajikistan,80.54,66.94,13.85,18.83
Sudan,53.72,22.71,76.50,26.39
Chad,0.00,146.63,0.00,21.84
Puerto Rico,8.50,127.71,30.56,0.00
Solomon Islands,124.84,37.19,0.00,0.00
Afghanistan,61.93,48.34,29.33,20.53
Myanmar,74.38,43.92,26.03,12.90
Gambia,70.89,29.93,36.29,18.58
Moldova,78.40,11.00,24.75,40.05
Mauritius,41.57,96.97,11.12,0.00
Dominican Republic,43.86,68.21,31.94,0.00
Grenada,67.15,42.50,23.13,7.57
Guyana,0.00,108.38,26.33,0.00
Papua New Guinea,54.19,76.10,0.00,0.00
Bhutan,85.00,0.00,38.25,0.00
Belize,43.11,20.83,55.01,0.00
Malaysia,45.05,44.78,15.44,13.43
Barbados,34.00,39.10,45.32,0.00
Nepal,77.71,23.91,6.38,8.97
St Vincent and the Grenadines,28.33,25.24,48.56,14.64
Laos,65.52,29.17,13.65,7.91
Singapore,32.48,40.57,29.09,13.90
Aruba,0.00,53.55,26.01,33.36
Kuwait,0.00,54.64,30.11,26.09
Indonesia,73.22,0.00,20.23,16.33
Cambodia,55.25,33.39,19.91,0.00
Dominica,51.00,31.88,19.57,5.03
São Tomé e Príncipe,0.00,98.28,0.00,0.00
St Lucia,42.50,0.00,34.96,17.53
Kosovo,57.34,32.97,0.00,0.00
Fiji,46.04,41.17,0.00,0.00
Cuba,0.00,31.88,42.94,5.22
Macau,54.64,8.50,8.98,6.80
Bermuda,25.50,0.00,46.17,0.00
Guam,0.00,17.71,38.89,12.85
American Samoa,0.00,63.75,0.00,0.00
Cook Islands,0.00,63.75,0.00,0.00
Brunei Darussalam,42.50,0.00,19.13,0.00
Bangladesh,21.25,14.61,20.13,3.61
Malta,10.27,19.45,21.93,4.29
Liechtenstein,11.39,0.00,44.22,0.00
Djibouti,53.13,0.00,0.00,0.00
Samoa,0.00,53.13,0.00,0.00
Seychelles,6.07,29.16,6.69,10.53
Vanuatu,0.00,51.35,0.00,0.00
Timor-Leste,6.07,8.26,27.89,0.00
Sri Lanka,8.50,12.75,7.29,5.16
Mongolia,25.50,4.25,0.00,0.00
US Virgin Islands,0.00,0.00,26.39,0.00
Pakistan,0.00,0.00,15.25,8.60
Montserrat,0.00,0.00,6.38,13.20
Turks and Caicos Islands,0.00,0.00,0.00,13.20
Cayman Islands,0.00,0.00,12.75,0.00
San Marino,0.00,0.00,11.88,0.00
British Virgin Islands,0.00,0.00,6.38,0.00
Anguilla,0.00,0.00,0.00,0.00
Bahamas,0.00,0.00,0.00,0.00
Eritrea,0.00,0.00,0.00,0.00
Gibraltar,0.00,0.00,0.00,0.00
Somalia,0.00,0.00,0.00,0.00
Tonga,0.00,0.00,0.00,0.00
