Team,Ranking1,Ranking2,Ranking3,Ranking4
Argentina,845.90,299.85,308.67,130.19
Belgium,704.28,265.17,258.74,172.67
Colombia,686.77,221.32,263.98,158.56
Germany,707.55,178.54,333.89,99.49
Chile,746.21,289.68,202.11,78.29
Portugal,691.85,300.47,180.52,92.91
France,740.40,144.05,232.02,72.25
Spain,631.60,240.99,157.43,135.33
Brazil,529.77,279.47,219.22,127.42
Italy,672.24,234.51,139.86,108.83
Wales,584.60,408.79,81.43,62.03
Uruguay,639.48,170.33,247.78,72.02
England,561.21,352.69,123.41,70.18
Mexico,616.00,187.88,149.01,89.03
Croatia,519.37,273.02,117.11,112.66
Poland,637.42,262.03,66.98,44.95
Ecuador,632.64,132.96,118.74,117.48
Switzerland,433.41,183.57,221.81,118.70
Turkey,604.93,142.58,128.69,39.10
Hungary,546.23,216.38,73.95,77.98
Costa Rica,483.99,105.40,207.04,86.75
Austria,359.37,349.28,96.84,69.17
Iceland,407.99,285.74,99.44,77.67
Slovakia,350.23,368.94,101.50,45.88
Romania,265.20,393.45,110.10,86.79
Netherlands,279.28,154.29,289.08,125.75
USA,410.23,168.22,139.96,129.72
Northern Ireland,453.34,278.06,59.52,31.49
Bosnia and Herzegovina,389.41,174.30,120.73,128.84
Ukraine,383.36,161.57,159.39,96.40
Republic of Ireland,517.12,196.87,34.92,51.32
Algeria,302.92,242.30,156.18,80.03
Peru,449.12,189.60,35.34,103.30
Czech Republic,326.21,296.54,72.10,73.37
Ghana,336.35,244.16,74.01,94.51
Côte d'Ivoire,297.07,246.08,106.05,98.68
Albania,284.93,332.43,31.23,90.66
Russia,349.70,161.39,117.71,99.19
IR Iran,318.76,218.59,76.67,60.40
Sweden,295.17,202.25,99.75,58.56
Senegal,294.06,250.96,74.12,35.26
Paraguay,349.88,154.01,83.64,48.61
Egypt,323.85,139.19,125.34,43.54
Denmark,215.47,237.27,118.80,58.82
Tunisia,248.53,227.49,93.89,57.40
Venezuela,296.49,131.07,112.11,80.90
Serbia,335.76,84.21,122.52,69.36
Korea Republic,337.06,169.77,57.88,43.80
Japan,320.14,147.29,72.95,54.34
Norway,344.88,127.91,40.14,75.48
Scotland,197.65,194.95,128.53,62.65
Greece,245.13,55.10,170.07,109.09
Morocco,384.63,105.05,35.93,48.30
Cameroon,233.47,203.55,70.51,63.40
Uzbekistan,337.49,90.54,69.02,63.04
Congo DR,275.78,188.78,36.45,52.94
Australia,295.34,182.21,24.08,47.74
Cape Verde Islands,241.19,199.93,10.60,93.53
Slovenia,224.33,156.39,108.37,53.10
Mali,293.20,139.05,30.49,78.85
Saudi Arabia,360.64,80.47,66.84,31.78
Finland,350.41,51.98,73.77,63.57
Congo,215.36,225.04,56.33,36.58
South Africa,283.41,133.16,54.75,57.38
Uganda,291.30,134.21,45.21,54.36
Guinea,246.34,160.06,55.47,59.13
Nigeria,198.21,125.77,101.25,87.94
Trinidad and Tobago,216.67,199.15,45.92,49.01
Panama,246.74,147.19,33.34,80.58
Belarus,331.46,88.43,37.13,49.56
Jamaica,190.91,216.79,36.59,47.31
Benin,362.16,31.88,79.68,15.22
Burkina Faso,219.34,120.39,61.72,84.95
United Arab Emirates,228.05,122.53,77.75,55.58
Guinea-Bissau,371.88,40.63,61.38,0.00
Israel,140.66,209.76,54.35,66.01
Bulgaria,182.84,138.95,40.01,83.80
China PR,254.58,121.08,44.91,24.73
Jordan,257.72,51.31,72.65,55.30
Qatar,255.00,87.77,56.08,25.67
St Kitts and Nevis,310.23,99.66,0.00,13.20
Guatemala,262.81,95.23,0.00,35.70
Antigua and Barbuda,253.94,116.26,0.00,22.82
Honduras,168.85,52.73,85.89,82.83
Equatorial Guinea,128.56,198.28,23.61,38.61
Cyprus,189.34,149.03,25.13,24.00
Central African Republic,350.27,0.00,6.45,29.67
Sierra Leone,242.75,18.65,84.01,35.83
Kenya,251.01,54.01,51.02,24.64
Botswana,241.07,40.36,62.61,33.99
Zambia,172.71,134.36,25.28,43.54
Liberia,296.97,13.18,22.83,36.96
Libya,215.33,56.19,59.35,35.37
New Zealand,257.91,9.52,19.58,78.87
Montenegro,133.77,90.87,47.71,92.31
Gabon,110.53,181.44,29.41,37.82
Kazakhstan,260.76,44.99,38.87,14.21
Mozambique,187.55,96.80,40.13,32.39
Korea DPR,260.31,69.38,0.00,24.74
Canada,205.41,96.93,11.05,36.93
Haiti,172.90,122.81,0.00,53.29
Armenia,165.76,29.35,106.20,46.72
Swaziland,231.90,77.91,29.23,5.43
Mauritania,192.72,81.60,37.66,31.37
Syria,206.70,91.19,25.71,17.34
Kyrgyz Republic,246.80,31.88,19.10,42.83
Nicaragua,259.36,70.83,0.00,9.94
Oman,174.34,50.40,77.32,37.92
Togo,131.84,106.49,43.73,56.62
Zimbabwe,188.77,67.88,57.93,23.82
Bolivia,79.77,141.40,51.68,65.39
Latvia,164.15,105.09,55.73,13.12
Iraq,157.68,102.50,53.66,23.13
Puerto Rico,255.43,50.93,0.00,25.87
Chad,293.25,0.00,32.77,0.00
Palestine,190.28,36.62,81.49,17.61
Estonia,133.69,123.16,36.87,29.15
Georgia,229.74,11.67,40.34,36.20
Turkmenistan,234.96,33.79,19.35,24.25
Thailand,211.84,67.12,4.75,21.46
Rwanda,122.00,101.02,57.81,21.99
Namibia,169.45,70.08,41.88,21.16
Burundi,193.04,52.70,23.46,27.81
Tanzania,197.81,25.27,45.66,26.46
Lithuania,137.94,77.91,49.43,28.13
Bahrain,151.41,65.90,45.58,26.57
Malawi,123.68,98.49,48.43,15.00
Guyana,216.75,43.88,0.00,19.05
Madagascar,145.47,83.54,44.12,0.00
Ethiopia,110.70,92.57,27.68,38.83
Curaçao,180.63,72.01,7.92,0.00
Angola,79.98,82.97,65.73,30.33
Niger,106.71,96.16,23.68,30.27
Philippines,136.30,61.81,32.49,25.32
Faroe Islands,24.75,220.89,8.50,0.00
Azerbaijan,97.84,49.00,79.06,26.81
El Salvador,118.36,86.66,0.00,38.79
Dominican Republic,136.43,53.23,0.00,53.83
FYR Macedonia,81.38,47.59,65.11,49.40
Vietnam,158.40,38.93,36.38,9.38
Sudan,45.43,127.50,39.58,18.74
Mauritius,193.94,18.54,0.00,12.50
Kuwait,109.29,50.19,39.13,24.17
Tajikistan,133.88,23.09,28.24,36.95
Luxembourg,132.99,22.03,49.36,14.35
Lesotho,93.01,34.89,70.40,16.18
Hong Kong,131.50,52.28,7.74,21.37
Aruba,107.10,43.35,50.04,8.54
Lebanon,103.09,40.38,34.72,30.17
Afghanistan,96.69,48.88,30.79,30.10
Cuba,63.75,71.56,7.83,62.32
India,116.06,42.50,17.57,23.84
South Sudan,185.94,0.00,11.09,0.00
São Tomé e Príncipe,196.56,0.00,0.00,0.00
Comoros,163.09,6.89,19.25,1.72
Barbados,78.20,75.53,0.00,28.65
St Vincent and the Grenadines,50.48,80.93,21.96,28.34
Grenada,85.00,38.55,11.35,35.80
Myanmar,87.83,40.11,19.35,19.67
Singapore,81.14,48.48,20.86,16.34
New Caledonia,106.25,0.00,0.00,55.46
Yemen,115.46,35.62,8.60,0.00
Gambia,66.00,60.48,27.86,0.00
Papua New Guinea,152.20,0.00,0.00,0.00
Moldova,22.00,41.25,60.07,27.85
Belize,41.65,91.68,0.00,16.51
Malaysia,89.55,25.73,20.14,12.90
Suriname,66.30,10.63,7.92,45.94
Guam,35.42,64.81,19.28,9.89
American Samoa,127.50,0.00,0.00,0.00
Cook Islands,127.50,0.00,0.00,0.00
St Lucia,0.00,58.26,26.29,36.59
Dominica,63.75,32.61,7.54,13.20
Maldives,68.00,0.00,29.34,17.51
Tahiti,106.25,0.00,0.00,7.51
Malta,38.89,36.55,6.43,27.43
Laos,58.34,22.76,11.87,13.56
Samoa,106.25,0.00,0.00,0.00
Vanuatu,102.71,0.00,0.00,0.00
Cambodia,66.79,33.18,0.00,0.00
Solomon Islands,74.38,0.00,0.00,17.21
Liechtenstein,0.00,73.70,0.00,14.80
Seychelles,58.32,11.14,15.79,0.00
Chinese Taipei,48.88,20.16,9.13,6.45
Bangladesh,29.22,33.54,5.42,16.34
Timor-Leste,16.53,57.48,0.00,10.32
Fiji,82.34,0.00,0.00,0.00
Bermuda,0.00,76.96,0.00,0.00
Nepal,47.81,10.63,13.45,4.84
Kosovo,65.93,0.00,0.00,0.00
Indonesia,0.00,33.72,24.49,7.26
Bhutan,0.00,63.75,0.00,0.00
Sri Lanka,25.50,12.14,7.74,12.90
Pakistan,0.00,25.42,12.90,15.59
US Virgin Islands,0.00,43.99,0.00,0.00
Montserrat,0.00,10.63,19.80,13.20
Macau,17.00,14.96,10.20,1.43
Brunei Darussalam,0.00,22.77,0.00,10.32
Cayman Islands,0.00,21.25,0.00,0.00
San Marino,0.00,19.80,0.00,0.00
Turks and Caicos Islands,0.00,0.00,19.80,0.00
Mongolia,8.50,0.00,0.00,4.30
Andorra,8.29,0.00,3.30,0.00
British Virgin Islands,0.00,10.63,0.00,0.00
Anguilla,0.00,0.00,0.00,0.00
Bahamas,0.00,0.00,0.00,0.00
Djibouti,0.00,0.00,0.00,0.00
Eritrea,0.00,0.00,0.00,0.00
Somalia,0.00,0.00,0.00,0.00
Tonga,0.00,0.00,0.00,0.00
