Team,Ranking1,Ranking2,Ranking3,Ranking4
Argentina,903.24,331.33,281.28,118.18
Brazil,879.22,292.35,238.81,133.67
Germany,752.68,239.33,327.16,113.37
Chile,739.73,381.68,157.12,125.44
Belgium,600.01,382.47,254.71,130.59
Colombia,746.52,229.92,241.79,126.46
France,862.90,145.38,210.09,87.04
Portugal,617.85,317.94,171.08,122.26
Uruguay,620.21,266.15,175.76,125.19
Spain,507.92,391.69,126.12,139.94
Switzerland,602.17,245.11,157.10,124.38
Wales,610.14,311.50,129.97,69.26
England,568.56,297.89,156.99,91.01
Croatia,632.53,246.69,137.99,86.06
Poland,702.26,217.71,130.85,35.90
Italy,597.80,221.22,155.86,107.74
Costa Rica,631.38,124.07,182.90,102.20
Mexico,575.48,220.48,134.36,81.69
Peru,638.51,188.62,61.15,77.09
Ecuador,402.61,297.04,117.61,73.18
Iceland,490.08,183.38,130.62,85.20
Netherlands,362.21,154.11,265.29,105.54
Republic of Ireland,447.20,291.59,74.49,44.37
Turkey,363.41,336.88,80.34,69.95
Slovakia,387.16,204.52,191.56,53.83
Hungary,366.73,314.16,87.54,57.88
Bosnia and Herzegovina,367.05,253.39,104.00,101.03
USA,422.15,170.84,98.19,130.82
IR Iran,468.14,181.59,77.08,89.01
Ukraine,363.62,193.57,121.30,125.16
Austria,205.01,320.98,164.61,82.90
Northern Ireland,336.98,255.03,131.27,44.04
Senegal,389.73,156.54,139.94,56.47
Côte d'Ivoire,271.68,265.55,109.36,86.39
Egypt,421.02,154.38,66.80,84.26
Tunisia,339.51,133.71,165.00,75.23
Korea Republic,401.08,184.88,68.23,45.29
Romania,191.18,232.61,187.65,78.11
Algeria,268.18,183.46,159.14,76.12
Paraguay,367.18,219.80,43.70,52.92
Sweden,302.57,231.80,71.58,69.40
Greece,340.62,125.84,98.54,109.34
Czech Republic,234.14,184.14,178.98,74.10
Australia,360.57,213.94,27.40,47.52
Serbia,344.61,148.04,66.15,88.13
Japan,358.14,162.79,80.93,41.67
Denmark,289.97,155.35,114.16,83.63
Saudi Arabia,372.94,170.80,33.83,62.94
Congo DR,330.67,156.28,91.29,51.36
Nigeria,341.39,95.37,98.33,83.79
Albania,239.65,200.26,118.18,59.85
Slovenia,314.44,125.95,79.91,95.23
Burkina Faso,402.57,55.53,76.65,75.96
Ghana,223.98,203.28,95.00,88.24
Israel,318.04,60.28,149.82,66.58
Russia,170.61,250.47,103.83,67.08
Morocco,354.31,140.29,43.88,48.79
Panama,303.55,138.71,56.94,83.16
Venezuela,375.83,115.92,0.00,89.23
South Africa,306.25,97.79,99.09,68.96
Uzbekistan,331.29,124.53,57.70,54.26
Cameroon,251.73,121.24,100.83,77.70
Montenegro,368.56,58.47,80.51,41.84
United Arab Emirates,271.90,144.81,56.37,71.26
Mali,301.33,114.64,67.14,60.44
Benin,311.10,129.84,57.43,33.02
Scotland,196.45,123.80,109.59,94.27
Guinea-Bissau,401.63,52.45,61.38,0.00
Haiti,276.06,148.16,66.62,21.51
Guinea,187.00,129.32,132.75,58.41
Congo,187.91,179.97,91.56,44.67
Bulgaria,259.88,113.14,75.27,43.70
Uganda,202.09,163.72,69.69,40.23
Belarus,222.26,173.45,41.76,32.30
Honduras,292.44,56.47,30.64,87.88
Curaçao,364.44,68.35,28.56,5.28
Jamaica,176.22,186.97,69.94,30.14
Guatemala,273.26,76.13,90.27,11.77
Cape Verde Islands,53.13,198.80,103.73,93.84
St Kitts and Nevis,301.16,84.99,56.48,0.00
China PR,222.70,111.37,57.64,32.47
Faroe Islands,229.35,108.28,81.08,3.78
Trinidad and Tobago,124.65,160.51,95.94,39.43
Norway,143.25,172.34,71.28,31.15
Qatar,210.60,125.32,48.15,32.05
Armenia,255.57,36.71,26.06,93.71
Kenya,225.29,102.37,31.98,36.29
Zambia,166.18,105.08,94.72,29.35
Libya,189.66,104.88,50.00,45.82
Togo,199.37,47.55,77.14,62.15
Azerbaijan,237.22,92.35,12.78,43.80
Antigua and Barbuda,181.23,109.44,79.77,0.00
Rwanda,160.51,79.38,113.86,14.02
Finland,31.98,211.26,56.91,67.47
Bolivia,139.58,144.48,26.65,47.81
Sierra Leone,221.17,58.26,36.15,39.65
Syria,220.19,104.40,15.30,15.00
Kazakhstan,219.75,84.73,27.03,22.78
Swaziland,208.85,113.44,23.88,2.06
Namibia,216.01,62.61,48.68,18.16
Liberia,172.13,102.93,22.83,40.30
Malawi,163.63,74.94,69.22,24.42
Zimbabwe,174.99,88.31,41.17,25.53
Central African Republic,217.18,101.58,6.45,0.00
Lithuania,177.27,47.03,62.23,37.35
Mozambique,160.37,76.41,62.60,22.53
Jordan,109.37,119.00,29.33,60.75
Gabon,88.55,97.19,94.87,32.08
New Zealand,229.31,31.79,12.64,37.08
Latvia,128.58,90.12,58.53,26.38
Nicaragua,127.78,160.79,0.00,9.94
Ethiopia,157.92,68.04,32.77,38.56
Mauritania,142.16,92.72,38.66,22.68
Botswana,102.85,103.46,49.12,40.09
Equatorial Guinea,73.44,182.19,23.61,13.59
Cyprus,61.88,125.61,78.44,24.36
Estonia,96.49,105.51,58.91,27.97
Oman,101.58,89.36,40.33,55.79
Iraq,91.69,116.03,59.32,16.35
Canada,106.56,127.36,37.80,9.80
Georgia,155.55,87.81,24.94,12.64
Philippines,140.06,74.77,32.35,25.49
Bahrain,117.30,82.26,33.72,34.83
Kyrgyz Republic,92.41,123.40,20.09,29.37
Korea DPR,124.31,121.53,14.22,3.30
Thailand,111.48,100.51,30.41,9.03
Niger,88.46,105.94,33.37,20.30
Suriname,233.14,0.00,6.38,5.28
India,171.36,49.86,2.58,18.82
Dominican Republic,180.29,0.00,45.63,15.73
Palestine,91.46,74.00,48.49,18.63
Tajikistan,135.53,44.41,19.72,31.48
Luxembourg,104.75,63.61,31.45,30.09
Guyana,154.82,59.59,6.38,0.00
Madagascar,76.50,99.11,44.12,0.00
Vietnam,112.48,60.56,36.79,7.91
Sudan,81.77,62.16,51.96,20.83
El Salvador,39.05,90.59,44.61,42.09
Burundi,85.43,81.85,31.90,13.65
Hong Kong,77.16,93.89,12.85,25.62
Comoros,142.66,42.82,19.25,0.00
Lesotho,101.24,32.79,43.31,24.36
Turkmenistan,63.75,103.99,19.35,12.90
Angola,40.68,67.36,60.33,30.26
Maldives,108.91,26.97,45.92,12.06
Puerto Rico,141.90,38.17,13.77,0.00
Mauritius,132.78,50.58,0.00,8.12
Lebanon,66.56,67.85,34.27,20.57
Yemen,127.50,41.33,15.31,0.00
Tahiti,170.00,0.00,0.00,13.52
Chad,0.00,146.63,32.77,0.00
Afghanistan,74.80,43.92,28.38,32.01
São Tomé e Príncipe,118.58,58.65,0.00,0.00
Cuba,63.75,50.08,39.46,22.18
Barbados,63.75,58.79,40.55,0.00
Tanzania,14.28,58.29,55.46,27.28
Chinese Taipei,112.63,27.89,2.21,10.39
Grenada,85.00,33.24,17.73,13.62
Myanmar,50.19,38.89,29.06,30.10
Aruba,0.00,96.90,50.04,0.00
Malaysia,78.99,29.36,20.98,14.07
FYR Macedonia,24.87,41.06,33.72,42.54
Belize,0.00,124.31,0.00,16.51
Moldova,48.88,16.91,25.54,46.32
Singapore,37.66,65.34,15.51,17.67
Kosovo,134.74,0.00,0.00,0.00
Laos,86.70,13.23,14.65,19.35
Kuwait,0.00,63.09,27.81,32.41
New Caledonia,107.19,0.00,0.00,15.81
South Sudan,0.00,111.56,11.09,0.00
Papua New Guinea,121.76,0.00,0.00,0.00
Cambodia,79.33,28.93,12.75,0.00
Indonesia,76.42,12.75,19.52,11.07
Dominica,63.75,38.20,5.63,5.28
Nepal,90.31,12.40,0.00,9.36
Bhutan,85.00,24.52,0.00,0.00
Gambia,39.95,47.76,0.00,18.58
Vanuatu,89.25,17.00,0.00,0.00
St Lucia,0.00,54.54,35.00,13.62
Fiji,72.25,29.75,0.00,0.00
St Vincent and the Grenadines,0.00,47.79,53.85,0.00
Guam,0.00,52.77,16.44,19.78
Malta,16.46,29.54,17.45,21.69
Macau,58.44,10.63,12.80,0.00
Seychelles,45.54,13.96,7.65,10.53
Bermuda,0.00,76.96,0.00,0.00
Solomon Islands,76.50,0.00,0.00,0.00
Liechtenstein,0.00,21.04,42.43,11.80
Brunei Darussalam,42.50,31.88,0.00,0.00
Bangladesh,18.59,22.64,12.78,14.79
Timor-Leste,3.86,49.58,10.56,0.00
American Samoa,0.00,63.75,0.00,0.00
Cook Islands,0.00,63.75,0.00,0.00
Samoa,0.00,63.75,0.00,0.00
US Virgin Islands,0.00,43.99,0.00,0.00
Sri Lanka,8.50,9.11,10.20,15.05
Pakistan,0.00,25.42,0.00,14.22
Mongolia,34.00,0.00,0.00,4.30
Montserrat,0.00,10.63,19.80,0.00
Cayman Islands,0.00,21.25,0.00,0.00
Turks and Caicos Islands,0.00,0.00,19.80,0.00
San Marino,0.00,0.00,16.63,0.00
Andorra,9.48,0.00,0.00,2.20
British Virgin Islands,0.00,10.63,0.00,0.00
Anguilla,0.00,0.00,0.00,0.00
Bahamas,0.00,0.00,0.00,0.00
Djibouti,0.00,0.00,0.00,0.00
Eritrea,0.00,0.00,0.00,0.00
Gibraltar,0.00,0.00,0.00,0.00
Somalia,0.00,0.00,0.00,0.00
Tonga,0.00,0.00,0.00,0.00
