Team,Ranking1,Ranking2,Ranking3,Ranking4
Germany,1090.54,284.23,225.42,128.59
Argentina,937.59,297.63,215.36,83.62
Colombia,805.97,330.41,222.43,97.49
Belgium,849.03,335.71,160.43,84.59
Netherlands,884.29,278.93,123.58,97.99
Brazil,796.05,352.73,95.05,89.14
Portugal,570.26,333.43,160.63,124.68
France,700.29,237.39,134.76,95.57
Uruguay,585.86,332.55,82.73,145.23
Spain,420.42,354.77,244.30,124.99
Switzerland,523.66,338.00,155.49,99.50
Italy,519.52,279.54,181.26,131.57
Costa Rica,696.76,230.40,99.72,47.47
Chile,524.20,322.70,90.34,99.42
England,523.32,223.39,167.36,114.29
Romania,625.49,191.93,137.22,66.87
Czech Republic,596.59,179.17,124.96,89.41
Algeria,546.51,242.81,113.47,78.43
Croatia,459.98,213.65,156.10,114.83
Côte d'Ivoire,496.43,173.43,149.04,113.21
Mexico,451.87,211.33,153.27,95.83
Slovakia,638.53,149.53,69.08,45.99
Austria,548.70,230.27,66.70,34.97
Greece,328.47,293.33,151.83,97.54
Ghana,507.57,149.82,128.36,78.23
Tunisia,528.47,177.49,96.36,57.20
Ukraine,404.33,317.36,101.52,35.37
Denmark,380.53,243.93,81.38,139.73
Ecuador,392.03,174.08,205.72,67.91
Bosnia and Herzegovina,346.68,255.47,113.41,116.40
USA,305.98,347.91,108.63,61.73
Israel,499.41,165.50,48.68,91.07
Russia,346.09,167.82,175.01,103.12
Wales,433.23,170.03,55.35,105.40
Cape Verde Islands,362.15,265.65,80.87,47.47
Senegal,485.22,141.18,63.94,53.32
Iceland,424.25,213.00,65.86,40.08
Scotland,365.31,242.35,61.18,69.44
Serbia,344.26,233.30,75.32,70.41
Poland,455.80,111.12,86.86,55.11
IR Iran,342.12,222.12,72.89,63.37
Nigeria,336.70,137.79,141.82,47.40
Guinea,397.21,146.02,68.76,49.95
Sweden,233.44,188.43,119.52,112.24
Cameroon,324.27,211.92,66.60,43.04
Congo DR,441.18,83.19,81.02,35.64
Slovenia,266.37,264.53,49.42,59.64
Hungary,291.79,154.36,115.82,71.68
Congo,420.24,97.65,87.11,25.08
Equatorial Guinea,484.59,33.97,55.73,55.73
Northern Ireland,437.55,121.96,41.33,24.83
Turkey,267.81,190.78,73.04,87.57
Mali,294.59,78.01,152.67,87.38
Korea Republic,343.57,112.80,83.19,68.68
Japan,327.02,102.53,116.06,59.26
South Africa,326.93,139.91,68.98,56.48
Egypt,222.65,263.32,62.72,41.54
Gabon,382.04,84.01,52.44,66.21
Peru,203.83,192.73,73.83,95.67
Zambia,302.31,63.10,96.89,94.00
Panama,172.55,214.00,98.32,70.35
Trinidad and Tobago,319.81,98.58,87.54,45.50
Australia,272.38,129.59,68.80,77.44
Albania,264.40,149.63,88.43,45.12
Montenegro,268.36,104.59,134.23,30.27
United Arab Emirates,245.47,188.88,72.58,22.01
Republic of Ireland,248.29,102.85,59.89,110.28
Burkina Faso,242.62,144.12,101.39,25.29
Norway,253.94,84.40,106.76,66.87
Bulgaria,250.89,109.24,115.65,30.24
Uzbekistan,202.48,143.84,99.38,46.94
Rwanda,379.54,33.82,34.29,44.33
Finland,198.29,174.30,55.78,46.79
Armenia,86.88,260.31,38.80,84.07
Togo,257.13,72.89,91.71,43.49
Uganda,257.82,95.47,68.93,41.66
Honduras,95.76,224.52,92.53,46.11
Haiti,222.06,67.22,103.62,61.09
Venezuela,59.20,223.07,85.48,72.67
Jamaica,233.14,63.70,84.35,58.77
Paraguay,145.67,130.50,90.51,73.06
China PR,244.98,94.69,42.01,47.51
Guatemala,300.90,6.25,57.25,64.43
Angola,201.10,81.50,52.20,55.83
Estonia,196.37,75.75,38.85,74.22
Sierra Leone,120.50,99.12,80.93,81.70
El Salvador,148.71,111.32,43.80,77.06
Morocco,149.07,101.43,66.69,60.42
Cyprus,261.45,71.04,29.63,13.94
Mozambique,243.46,49.29,44.34,34.13
Oman,146.02,127.66,50.23,43.60
Bolivia,88.83,107.42,142.27,23.44
Malawi,230.73,61.06,37.70,31.49
Iraq,225.82,29.74,48.91,55.63
Benin,191.44,82.56,80.09,4.73
Lithuania,207.42,93.38,29.78,24.56
Jordan,102.88,155.16,48.25,46.25
Saudi Arabia,122.58,148.53,38.37,41.62
Antigua and Barbuda,265.89,0.00,28.83,49.03
Latvia,195.10,72.55,27.93,46.69
Belarus,139.19,80.48,71.62,39.48
Ethiopia,156.04,83.42,58.82,25.03
Bahrain,162.53,91.82,32.68,35.45
FYR Macedonia,112.40,88.67,89.25,29.34
Faroe Islands,270.27,9.44,0.00,37.50
Botswana,163.73,108.58,24.55,20.03
Tanzania,184.86,60.83,45.82,23.45
Dominican Republic,152.09,39.34,75.43,42.72
Qatar,141.62,75.33,52.19,36.20
St Vincent and the Grenadines,205.65,17.60,53.98,22.82
Namibia,162.27,48.89,42.55,38.93
Sudan,173.19,52.08,31.40,31.27
Libya,29.67,115.71,68.80,66.89
Cuba,131.54,55.44,76.16,7.39
Liberia,76.11,100.75,48.31,42.96
Kenya,106.59,81.84,44.67,33.38
Canada,111.94,21.84,72.41,57.80
Niger,111.22,54.24,66.21,31.20
St Kitts and Nevis,188.28,0.00,37.22,32.87
Zimbabwe,85.75,70.68,57.42,44.26
Lebanon,114.23,57.38,29.62,52.85
Moldova,113.49,96.50,34.30,9.38
Mauritania,184.10,39.69,27.55,0.00
Burundi,121.97,36.12,62.34,28.27
Lesotho,144.35,60.91,17.24,20.71
Georgia,83.13,31.61,74.81,44.90
Palestine,141.43,43.00,28.46,21.34
Kuwait,81.79,75.42,30.13,43.41
Luxembourg,104.85,76.64,19.98,23.83
Liechtenstein,141.43,32.78,5.63,42.86
Azerbaijan,42.59,112.95,36.71,29.99
Aruba,166.80,0.00,31.50,23.09
Vietnam,122.63,23.74,19.83,54.44
Philippines,107.84,63.64,33.23,15.81
Maldives,153.08,30.15,25.21,11.67
New Zealand,42.13,92.70,77.43,4.24
Tajikistan,65.75,78.69,40.16,30.03
Guinea-Bissau,204.61,0.00,0.00,7.60
Kazakhstan,90.11,50.56,31.28,31.05
St Lucia,116.67,34.06,42.37,8.65
Myanmar,96.86,75.25,17.54,8.63
Barbados,143.65,0.00,42.98,4.64
Thailand,101.37,27.09,28.92,26.82
Afghanistan,85.14,80.03,0.00,15.71
Central African Republic,21.50,0.00,132.76,23.83
Chad,109.22,0.00,39.47,28.29
Turkmenistan,64.50,32.25,58.23,15.31
Madagascar,147.06,0.00,0.00,18.74
Malta,58.16,54.58,32.74,18.55
Syria,51.00,42.85,28.61,24.30
Kyrgyz Republic,66.96,73.43,0.00,5.16
Korea DPR,37.91,8.26,63.18,34.81
New Caledonia,0.00,39.53,84.79,19.14
Malaysia,69.92,41.03,15.97,15.32
Grenada,59.09,34.06,33.26,10.84
Singapore,56.41,44.18,18.58,17.10
Bangladesh,68.10,36.98,5.16,18.49
Indonesia,65.07,35.60,12.08,14.80
Hong Kong,42.82,48.91,23.69,11.67
Curaçao,95.20,13.20,0.00,17.07
Laos,48.85,48.38,11.47,14.62
Guam,54.79,49.45,10.03,5.13
Puerto Rico,45.90,0.00,31.38,41.65
Suriname,21.25,13.20,57.42,23.24
Swaziland,79.60,6.02,10.32,7.18
Guyana,30.94,0.00,21.18,49.36
Belize,0.00,21.38,36.70,41.91
Tahiti,0.00,33.79,53.12,12.80
Gambia,0.00,46.44,18.06,30.14
Montserrat,66.00,0.00,19.80,0.00
India,8.60,51.33,9.26,15.98
Pakistan,29.58,30.30,15.48,9.65
Sri Lanka,34.00,37.63,0.00,6.52
Comoros,64.16,0.00,2.58,8.70
São Tomé e Príncipe,0.00,0.00,52.63,22.53
Turks and Caicos Islands,66.00,0.00,0.00,0.00
Seychelles,25.50,26.32,0.00,9.68
Nicaragua,0.00,0.00,32.68,28.57
Yemen,45.93,0.00,6.25,7.91
Bermuda,0.00,0.00,0.00,55.44
San Marino,55.44,0.00,0.00,0.00
Dominica,17.71,17.60,19.80,0.00
Nepal,0.00,30.10,2.87,22.07
Solomon Islands,0.00,0.00,38.46,14.92
Cambodia,42.50,0.00,0.00,10.75
Chinese Taipei,7.37,25.97,8.06,11.52
Timor-Leste,35.19,0.00,15.48,0.00
Macau,42.67,0.00,2.58,4.30
South Sudan,36.98,0.00,5.93,0.00
Mauritius,0.00,20.30,10.32,5.38
Vanuatu,0.00,0.00,19.13,14.47
Fiji,0.00,0.00,12.75,17.00
Samoa,0.00,0.00,0.00,29.75
Mongolia,0.00,10.75,0.00,18.06
Bahamas,0.00,0.00,0.00,26.40
Tonga,0.00,0.00,0.00,17.00
US Virgin Islands,0.00,0.00,0.00,15.64
Brunei Darussalam,0.00,0.00,15.48,0.00
Papua New Guinea,0.00,0.00,6.38,6.80
American Samoa,0.00,0.00,0.00,12.14
Andorra,0.00,5.50,3.41,0.00
British Virgin Islands,0.00,0.00,7.92,0.00
Eritrea,0.00,0.00,0.00,7.57
Somalia,0.00,0.00,0.00,5.59
Cayman Islands,0.00,0.00,0.00,5.28
Djibouti,0.00,0.00,0.00,4.30
Cook Islands,0.00,0.00,0.00,3.54
Anguilla,0.00,0.00,0.00,1.76
Bhutan,0.00,0.00,0.00,0.00
