Team,Ranking1,Ranking2,Ranking3,Ranking4
Germany,1126.04,283.79,241.52,118.70
Argentina,992.63,279.79,219.88,84.90
Colombia,861.13,308.88,231.30,97.78
Belgium,906.07,312.67,172.05,80.28
Netherlands,939.55,255.69,119.58,99.72
Brazil,823.82,344.15,89.83,90.36
Portugal,583.04,323.55,169.31,114.81
France,709.60,241.36,131.66,97.36
Uruguay,621.60,317.60,86.57,138.43
Italy,566.75,264.01,194.21,120.61
Spain,406.27,350.59,250.90,122.28
Switzerland,554.54,310.67,172.77,88.44
Costa Rica,717.60,229.43,97.83,49.79
Romania,686.70,183.44,145.94,64.90
Chile,564.52,299.65,102.28,90.20
Czech Republic,661.81,168.25,130.42,84.96
England,521.93,227.27,180.23,101.59
Algeria,550.50,242.66,108.83,83.64
Croatia,484.16,203.93,170.29,104.39
Côte d'Ivoire,512.47,164.88,159.42,107.21
Mexico,473.12,205.04,166.04,91.04
Slovakia,664.34,156.18,59.25,52.54
Austria,599.51,216.89,61.43,38.39
Ghana,537.43,141.00,133.42,75.53
Tunisia,557.40,168.81,99.67,55.45
Israel,599.30,147.11,54.08,79.69
Greece,355.84,264.00,159.80,92.09
Denmark,428.10,221.75,87.64,125.76
Ecuador,390.22,176.47,216.53,68.60
Bosnia and Herzegovina,381.35,227.08,126.02,106.70
Ukraine,386.76,312.88,97.60,41.15
USA,326.38,332.78,104.50,64.31
Russia,332.43,176.54,175.34,104.11
Poland,531.77,103.18,88.91,53.75
Iceland,471.39,193.64,80.50,30.06
Senegal,518.31,133.13,69.40,50.69
Wales,428.67,176.47,63.26,94.86
Cape Verde Islands,394.12,227.58,79.43,60.37
Scotland,361.19,237.61,62.35,65.96
Serbia,337.42,229.92,73.89,68.04
Nigeria,366.71,135.29,152.90,46.13
IR Iran,350.23,207.05,76.61,57.76
Northern Ireland,497.48,111.59,47.23,22.35
Guinea,395.33,153.89,71.76,48.44
Sweden,259.38,175.87,115.16,112.43
Hungary,328.27,137.21,126.09,67.20
Congo DR,441.18,83.19,91.55,35.02
Slovenia,304.43,238.07,49.89,56.39
Cameroon,343.35,194.26,63.25,45.19
Equatorial Guinea,484.59,33.97,55.73,55.73
Mali,309.54,76.44,152.67,87.38
Congo,420.24,97.65,65.19,42.32
Japan,329.67,104.63,129.78,53.40
Gabon,409.40,81.72,52.44,66.21
South Africa,352.08,131.68,71.31,53.11
Korea Republic,332.92,121.10,65.73,74.74
Turkey,239.23,196.76,79.68,78.81
Egypt,186.66,295.23,61.52,38.41
Peru,203.83,192.73,76.89,91.08
Zambia,302.56,66.87,96.89,94.00
Panama,172.55,214.00,104.47,65.96
Albania,271.57,144.50,99.48,41.02
Trinidad and Tobago,319.81,98.58,87.58,46.90
Rwanda,442.38,33.74,27.78,45.80
Australia,289.40,118.79,57.57,83.41
Republic of Ireland,275.88,95.50,60.67,104.85
Montenegro,237.29,118.24,142.05,33.38
Burkina Faso,260.77,136.90,108.14,23.18
United Arab Emirates,242.20,184.49,67.58,29.14
Norway,263.37,84.40,107.18,67.02
Bulgaria,230.27,116.02,123.99,30.50
Uzbekistan,196.06,144.64,86.37,55.90
Venezuela,116.09,200.77,96.17,69.51
Uganda,276.23,90.17,73.52,38.19
Togo,257.13,72.89,98.26,37.27
Jamaica,255.03,64.26,88.79,55.22
Haiti,222.06,67.22,103.62,61.09
Finland,164.58,179.73,62.76,42.54
Armenia,97.74,231.39,34.86,73.47
Paraguay,166.48,116.00,76.78,74.98
Honduras,66.68,224.97,98.70,43.04
Guatemala,300.90,6.25,58.78,59.30
China PR,262.48,87.41,18.72,54.49
Angola,217.42,77.65,52.20,55.83
Cyprus,285.86,69.11,26.36,16.28
Mozambique,257.39,49.05,49.28,29.46
Estonia,196.37,75.75,32.33,74.80
Sierra Leone,120.50,99.12,91.04,68.08
El Salvador,148.71,111.32,46.54,71.92
Morocco,155.55,97.36,64.69,60.79
Malawi,251.71,54.95,40.84,28.87
Bolivia,88.83,107.42,151.17,25.03
Benin,191.44,82.56,87.98,10.15
Lithuania,222.47,87.00,29.78,24.56
Latvia,222.97,65.95,28.97,42.88
Oman,133.41,130.06,46.89,45.20
Iraq,192.30,57.19,46.84,56.35
Belarus,156.59,74.29,78.39,36.95
Saudi Arabia,109.26,150.35,41.11,37.84
Tanzania,201.94,58.95,46.45,24.03
Jordan,72.95,157.93,52.06,42.57
Antigua and Barbuda,250.51,0.00,34.07,40.11
Ethiopia,156.04,83.42,59.99,25.23
Bahrain,157.56,93.22,29.09,39.21
Faroe Islands,270.27,9.44,0.00,37.50
Botswana,166.62,105.18,24.55,20.03
Dominican Republic,152.09,39.34,75.43,42.72
FYR Macedonia,90.32,93.15,98.17,26.08
Qatar,137.84,71.82,52.32,38.32
Sudan,173.19,52.08,31.40,31.27
Cuba,131.54,55.44,95.21,5.38
Libya,29.67,115.71,68.80,66.89
Namibia,147.82,47.98,44.10,36.66
Niger,119.74,50.15,72.83,28.60
Mauritania,201.03,39.84,27.55,0.00
Canada,111.94,21.84,79.65,52.55
Liberia,76.11,100.75,42.49,44.88
Kenya,106.59,81.84,35.76,38.38
St Vincent and the Grenadines,165.43,17.60,50.82,25.93
Lesotho,166.69,52.55,17.24,20.71
St Kitts and Nevis,188.28,0.00,19.80,35.67
Moldova,103.54,94.85,33.60,11.29
Liechtenstein,165.00,29.50,6.43,37.50
Zimbabwe,59.04,72.46,64.60,40.57
Kuwait,86.90,70.39,32.53,41.24
Georgia,69.75,37.03,69.81,48.04
Burundi,110.62,35.35,40.16,38.48
Aruba,166.80,0.00,31.50,23.09
Philippines,117.43,53.06,32.70,17.42
Vietnam,96.12,49.88,19.83,54.44
Barbados,170.71,0.00,42.98,4.64
St Lucia,131.25,34.06,42.37,8.65
Maldives,153.08,25.87,21.89,13.23
New Zealand,42.13,81.11,83.89,4.24
Guinea-Bissau,204.61,0.00,0.00,6.51
Luxembourg,93.64,77.02,11.34,27.39
Afghanistan,85.14,57.33,45.15,15.71
Kazakhstan,87.63,50.39,30.34,30.32
Azerbaijan,19.58,111.94,38.85,27.95
Palestine,141.43,0.00,30.23,22.71
Tajikistan,65.75,78.69,16.72,31.02
Thailand,110.58,22.58,30.66,24.83
Central African Republic,21.50,0.00,132.76,23.83
Turkmenistan,64.50,32.25,55.73,22.23
Malta,69.80,49.13,27.64,21.94
Lebanon,20.06,64.47,31.26,48.45
Madagascar,147.06,0.00,0.00,16.39
Chad,109.22,0.00,0.00,45.51
Korea DPR,42.12,8.26,61.02,37.36
Kyrgyz Republic,66.96,73.43,0.00,5.16
New Caledonia,0.00,39.53,84.79,19.14
Syria,51.00,37.49,28.61,24.30
Myanmar,96.86,0.00,31.97,8.63
Singapore,62.05,40.17,19.27,15.77
Malaysia,51.04,54.85,16.16,14.65
Indonesia,71.58,31.15,13.29,13.46
Hong Kong,48.94,41.93,22.19,13.69
Grenada,48.28,34.06,33.26,10.07
Curaçao,95.20,13.20,0.00,17.07
Puerto Rico,45.90,0.00,41.84,31.24
Suriname,21.25,13.20,57.42,23.24
Bangladesh,59.50,9.03,24.51,18.49
Swaziland,71.16,17.63,10.32,7.18
Belize,0.00,21.38,36.70,41.91
Tahiti,0.00,33.79,53.12,12.80
Guyana,30.94,0.00,21.98,40.69
Guam,54.79,17.20,15.59,5.13
Gambia,0.00,46.44,18.06,25.84
Bermuda,34.00,0.00,0.00,55.44
Pakistan,29.58,31.18,18.06,9.65
Laos,48.85,4.30,22.04,12.90
Montserrat,66.00,0.00,19.80,0.00
India,0.00,29.29,31.79,12.78
Sri Lanka,34.00,12.90,19.35,6.52
Yemen,57.41,0.00,6.25,7.91
Turks and Caicos Islands,66.00,0.00,0.00,0.00
Comoros,40.42,11.87,2.58,8.70
Seychelles,25.50,26.32,0.00,8.60
São Tomé e Príncipe,0.00,0.00,0.00,57.62
Nepal,0.00,31.39,6.45,19.31
San Marino,55.44,0.00,0.00,0.00
Cambodia,42.50,0.00,0.00,12.90
Dominica,17.71,17.60,19.80,0.00
Solomon Islands,0.00,0.00,38.46,14.92
Nicaragua,0.00,0.00,18.19,32.91
Timor-Leste,35.19,0.00,15.48,0.00
Macau,42.67,0.00,2.58,0.00
Chinese Taipei,7.37,15.22,9.68,10.66
South Sudan,36.98,0.00,5.93,0.00
Mauritius,0.00,20.30,10.32,5.38
Vanuatu,0.00,0.00,19.13,14.47
Fiji,0.00,0.00,12.75,17.00
Samoa,0.00,0.00,0.00,29.75
Bahamas,0.00,0.00,0.00,26.40
Mongolia,0.00,0.00,6.45,18.06
Tonga,0.00,0.00,0.00,17.00
US Virgin Islands,0.00,0.00,0.00,15.64
Brunei Darussalam,0.00,0.00,15.48,0.00
Papua New Guinea,0.00,0.00,6.38,6.80
American Samoa,0.00,0.00,0.00,12.14
Andorra,0.00,4.81,3.41,0.00
British Virgin Islands,0.00,0.00,7.92,0.00
Eritrea,0.00,0.00,0.00,7.57
Somalia,0.00,0.00,0.00,5.59
Cayman Islands,0.00,0.00,0.00,5.28
Djibouti,0.00,0.00,0.00,4.30
Cook Islands,0.00,0.00,0.00,3.54
Anguilla,0.00,0.00,0.00,1.76
Bhutan,0.00,0.00,0.00,0.00
