Team,Ranking1,Ranking2,Ranking3,Ranking4
Germany,784.89,402.09,139.05,206.64
Brazil,560.52,495.29,169.77,158.65
Belgium,684.48,297.50,177.70,185.98
Portugal,687.22,329.23,172.94,116.95
Argentina,418.94,419.87,230.83,183.97
Switzerland,594.33,358.49,117.26,109.13
France,517.68,414.02,104.16,130.57
Spain,571.55,296.59,205.39,88.06
Chile,435.51,357.22,255.17,97.85
Poland,499.90,382.25,135.15,100.64
Peru,585.98,371.85,111.87,36.69
Denmark,725.70,156.50,93.73,77.77
England,481.83,288.15,166.94,103.40
Tunisia,654.26,194.47,66.45,96.97
Mexico,464.84,306.42,139.63,96.76
Colombia,307.05,341.96,185.15,154.40
Uruguay,437.65,240.52,178.84,119.50
Croatia,448.53,306.94,114.85,104.85
Netherlands,555.26,155.32,80.78,177.23
Italy,373.61,346.25,123.57,103.61
Wales,353.84,341.55,121.47,114.51
Iceland,487.38,253.30,101.99,87.54
Sweden,507.67,207.43,113.48,60.90
USA,485.97,216.70,115.59,61.38
Costa Rica,406.15,234.71,91.29,125.86
Austria,446.34,101.72,183.21,109.70
Northern Ireland,402.97,193.73,143.31,97.27
Senegal,389.94,252.62,80.37,102.50
Slovakia,349.12,212.36,97.66,126.73
Ukraine,417.22,157.30,140.11,62.47
Republic of Ireland,338.31,213.39,166.17,57.88
Romania,386.39,102.20,111.00,137.81
Paraguay,359.06,199.53,148.59,29.74
Scotland,466.54,106.71,86.33,75.24
Serbia,417.12,189.35,90.04,35.24
IR Iran,327.85,235.11,96.59,67.37
Turkey,273.49,175.59,213.66,51.38
Congo DR,336.51,208.87,89.38,76.47
Venezuela,425.68,186.81,68.96,27.99
Australia,361.90,177.10,106.14,54.43
Bosnia and Herzegovina,269.32,187.65,158.17,72.67
Morocco,359.90,179.07,114.50,27.65
Montenegro,390.74,203.78,35.67,40.68
Greece,321.47,196.91,66.85,71.56
Czech Republic,293.48,137.12,107.30,108.72
Egypt,212.50,284.34,97.19,41.68
Nigeria,274.01,238.70,57.23,65.21
Jamaica,364.08,87.58,107.87,52.36
Norway,402.82,48.02,110.11,47.41
Hungary,179.81,175.86,180.23,67.87
Cameroon,220.41,247.47,71.02,64.34
Ghana,250.56,171.20,83.68,97.50
Burkina Faso,211.00,271.84,56.35,52.15
Bulgaria,269.64,189.34,70.17,54.05
Panama,285.44,159.28,88.16,41.91
Albania,263.09,119.82,71.45,94.15
Bolivia,325.83,132.29,72.24,17.77
Cape Verde Islands,341.70,49.82,72.36,81.59
Honduras,304.09,163.38,48.84,13.34
Japan,177.16,203.93,79.93,67.19
Korea Republic,159.92,202.49,94.85,62.49
Algeria,207.94,116.84,90.88,100.81
Finland,352.12,26.90,98.59,29.26
Ecuador,67.14,186.21,188.04,65.04
Slovenia,215.68,154.76,69.33,55.61
Russia,211.16,84.44,125.90,71.65
Mali,195.42,129.41,82.17,55.20
Côte d'Ivoire,115.30,157.12,88.35,97.02
Guinea,213.84,87.98,68.64,79.07
Saudi Arabia,126.65,180.10,114.27,23.64
Curaçao,190.64,186.79,35.70,25.74
South Africa,193.72,107.47,66.91,64.53
China PR,207.98,103.76,70.35,49.10
Uganda,187.11,109.01,72.67,56.97
Kyrgyz Republic,287.73,46.20,76.74,13.39
Syria,201.59,132.68,62.26,26.32
FYR Macedonia,325.16,59.40,20.49,16.81
Zambia,233.22,56.97,61.56,61.19
Belarus,186.19,101.23,80.84,41.40
Canada,238.61,73.08,68.86,26.93
United Arab Emirates,183.25,96.73,76.38,48.44
Lebanon,301.75,66.36,31.98,4.01
Luxembourg,312.46,22.12,52.69,13.38
Palestine,244.80,65.37,62.11,28.29
El Salvador,243.34,70.83,51.35,26.71
Cyprus,198.44,63.32,75.36,49.01
Oman,246.54,58.04,52.99,24.94
Uzbekistan,93.44,157.78,93.52,36.21
Iraq,234.97,54.83,47.30,43.74
Benin,173.02,79.05,88.43,38.29
Congo,160.58,56.92,75.98,84.05
Trinidad and Tobago,142.38,68.93,106.26,56.86
Gabon,170.26,91.29,35.96,76.13
Estonia,193.61,71.77,62.83,36.00
Faroe Islands,124.67,112.61,72.39,54.05
Georgia,219.92,71.02,55.93,14.63
India,187.00,130.31,20.11,17.00
Armenia,126.47,174.38,28.76,17.38
Israel,60.11,159.02,42.20,85.61
Libya,172.55,106.89,55.16,5.93
Qatar,149.64,79.83,75.35,34.32
Sierra Leone,190.06,80.75,37.41,24.10
Vietnam,222.70,49.16,39.62,19.22
Guinea-Bissau,135.15,83.83,69.98,40.92
Mauritania,129.24,97.51,60.77,35.64
Mozambique,138.00,77.28,44.59,51.18
Namibia,128.35,106.29,40.93,29.56
Haiti,27.20,147.78,86.50,40.91
Niger,179.35,49.09,49.18,21.29
Zimbabwe,147.48,84.98,50.42,11.81
Madagascar,138.03,70.13,55.07,29.41
Korea DPR,133.73,71.04,78.53,8.42
Kenya,75.40,138.66,53.11,21.92
Philippines,151.51,52.56,62.40,22.05
Central African Republic,148.75,49.09,80.54,4.30
Bahrain,166.33,46.70,38.15,29.49
Jordan,127.89,54.84,77.15,12.34
Tajikistan,164.90,71.21,20.24,14.27
Kazakhstan,105.01,85.69,60.76,17.33
Malawi,88.49,84.82,46.37,47.56
Chinese Taipei,194.65,53.67,5.46,9.07
Thailand,119.90,48.93,63.15,20.68
Rwanda,89.97,35.06,53.26,73.73
Antigua and Barbuda,51.17,71.40,80.64,47.64
Yemen,113.42,106.46,13.39,16.78
St Kitts and Nevis,55.01,72.48,72.59,45.11
Azerbaijan,68.06,123.22,40.10,13.64
Sudan,162.89,6.04,41.04,34.64
Turkmenistan,131.40,31.88,66.09,12.90
Togo,78.96,82.68,34.78,45.29
Swaziland,40.16,121.36,66.21,12.20
Andorra,198.35,31.68,0.00,0.00
New Zealand,78.58,122.79,19.07,8.43
Lithuania,63.93,99.71,25.08,40.04
Myanmar,157.52,25.54,24.31,19.20
Nicaragua,40.07,84.27,81.37,18.21
Tanzania,105.93,44.12,35.57,37.66
Angola,125.50,22.23,34.23,38.65
Latvia,78.26,47.58,42.49,48.52
Guatemala,0.00,82.44,66.59,48.90
Comoros,93.08,52.20,41.21,8.08
Hong Kong,95.01,34.72,52.85,11.75
Afghanistan,115.05,30.60,30.92,17.03
Equatorial Guinea,25.50,36.72,47.17,80.60
Ethiopia,56.31,63.75,37.07,31.21
Burundi,83.78,25.50,54.63,23.82
Maldives,91.07,46.04,20.40,25.51
Botswana,41.93,37.93,64.53,31.48
Dominican Republic,72.93,53.81,21.80,26.62
Lesotho,81.10,38.53,24.74,30.56
Liberia,60.69,22.31,68.53,15.22
Kosovo,107.43,56.14,0.00,0.00
Solomon Islands,114.11,39.84,7.65,0.00
Suriname,0.00,136.00,0.00,4.25
South Sudan,51.85,31.88,47.81,7.40
Vanuatu,86.02,31.88,17.85,0.00
New Caledonia,74.38,60.30,0.00,0.00
Puerto Rico,8.50,68.46,42.02,9.18
Mauritius,47.01,22.83,45.73,6.77
Barbados,48.57,0.00,35.49,33.58
Tahiti,34.00,83.48,0.00,0.00
Indonesia,62.39,35.03,0.00,14.08
Guyana,0.00,31.88,68.34,10.94
Nepal,56.67,35.42,14.57,4.25
Chad,0.00,0.00,87.98,21.84
Fiji,61.80,30.10,17.85,0.00
Belize,0.00,21.55,76.76,8.50
St Lucia,42.50,0.00,39.27,23.33
Cambodia,45.54,35.00,9.49,14.68
Malaysia,28.48,43.38,22.31,9.48
Grenada,50.36,10.63,30.50,11.64
Singapore,29.88,19.89,41.33,11.05
Moldova,41.78,22.37,14.73,18.64
St Vincent and the Grenadines,34.00,0.00,27.44,33.09
Gambia,37.40,23.46,24.91,8.67
Kuwait,30.03,0.00,42.06,16.36
Dominica,51.00,0.00,25.25,11.81
Bermuda,34.00,0.00,16.19,32.30
Laos,21.25,29.60,19.07,9.77
Papua New Guinea,0.00,70.76,7.65,0.00
Liechtenstein,40.17,0.00,8.06,28.46
Cuba,14.28,0.00,35.00,25.60
Aruba,0.00,0.00,48.45,26.40
Bhutan,0.00,42.50,0.00,25.50
Malta,24.75,5.14,21.79,9.97
Macau,18.21,26.56,2.55,12.78
São Tomé e Príncipe,0.00,0.00,58.97,0.00
Mongolia,8.50,17.00,0.00,25.50
Guam,0.00,0.00,34.03,10.93
Timor-Leste,41.82,2.13,0.00,0.00
American Samoa,0.00,0.00,38.25,0.00
Cook Islands,0.00,0.00,38.25,0.00
Samoa,0.00,0.00,38.25,0.00
Brunei Darussalam,0.00,21.25,0.00,14.88
Seychelles,14.21,0.00,16.31,5.10
Gibraltar,34.16,0.00,0.00,0.00
Bangladesh,0.00,10.63,10.66,11.90
Djibouti,0.00,26.56,0.00,0.00
US Virgin Islands,0.00,0.00,0.00,17.60
Montserrat,0.00,0.00,0.00,17.45
Sri Lanka,0.00,4.25,7.65,4.86
Turks and Caicos Islands,0.00,0.00,0.00,13.20
Pakistan,0.00,0.00,0.00,10.17
Cayman Islands,0.00,0.00,0.00,8.50
San Marino,0.00,0.00,0.00,7.92
British Virgin Islands,0.00,0.00,0.00,3.54
Anguilla,0.00,0.00,0.00,0.00
Bahamas,0.00,0.00,0.00,0.00
Eritrea,0.00,0.00,0.00,0.00
Somalia,0.00,0.00,0.00,0.00
Tonga,0.00,0.00,0.00,0.00
