Team,Ranking1,Ranking2,Ranking3,Ranking4
Spain,704.49,411.23,196.84,201.56
Argentina,659.90,319.90,114.00,169.04
Germany,507.09,402.33,167.16,184.29
Italy,642.54,277.22,203.82,75.11
Colombia,629.10,367.80,119.31,63.92
Belgium,771.97,183.85,140.55,63.12
Uruguay,524.09,267.73,176.91,156.91
Brazil,625.48,191.19,117.45,132.68
Netherlands,482.90,164.64,218.12,192.63
Croatia,541.59,256.67,171.89,80.78
Portugal,379.38,339.37,191.60,118.42
Greece,487.94,267.09,156.45,104.63
USA,662.73,169.76,87.21,76.05
Switzerland,532.13,255.30,124.03,80.55
Russia,477.79,279.90,152.77,57.08
Chile,490.23,234.85,125.18,117.22
England,353.68,312.19,146.05,134.61
Bosnia and Herzegovina,574.05,148.25,174.44,36.79
Côte d'Ivoire,436.46,244.14,137.85,83.73
Ecuador,430.13,335.09,64.08,22.03
Mexico,383.56,241.26,145.56,66.60
Sweden,401.29,230.90,126.13,78.17
Denmark,352.03,248.23,146.43,78.14
Ghana,457.30,188.62,70.17,98.86
France,315.23,256.55,163.51,76.99
Ukraine,490.67,180.60,33.78,93.95
Montenegro,430.64,114.00,123.79,97.91
Algeria,380.09,246.79,65.27,70.32
Slovenia,400.05,151.96,82.95,118.84
Hungary,444.23,104.31,141.87,53.34
Romania,438.86,170.71,87.69,41.92
Czech Republic,320.75,267.70,89.13,60.01
Costa Rica,524.28,89.83,78.27,40.99
Peru,362.53,159.08,126.78,84.05
Panama,411.22,165.61,97.59,52.11
Venezuela,406.78,164.27,98.88,37.12
Nigeria,448.90,105.14,71.20,81.40
Mali,330.61,251.22,80.27,41.52
Norway,309.92,162.28,108.71,117.82
Honduras,454.19,109.15,81.39,35.70
Paraguay,354.35,129.04,104.63,84.93
Japan,249.64,177.95,162.03,81.45
Serbia,338.40,114.75,117.17,95.81
Cape Verde Islands,441.50,200.49,52.16,44.70
Albania,434.73,88.58,67.44,61.70
Tunisia,277.88,179.30,74.43,48.74
Austria,377.25,150.84,51.44,59.96
IR Iran,358.01,124.70,93.24,56.91
Turkey,259.47,166.08,95.14,92.04
Egypt,289.21,135.84,54.18,131.38
Burkina Faso,415.99,23.06,85.75,82.67
Wales,329.63,186.28,58.75,31.03
Australia,257.43,128.10,126.82,90.36
Iceland,436.39,87.19,51.54,23.59
Armenia,327.78,99.63,146.34,17.98
Finland,377.40,94.68,69.33,49.68
Uzbekistan,338.25,138.54,77.76,24.54
Korea Republic,187.70,195.09,128.27,62.89
Republic of Ireland,199.31,189.31,113.67,67.47
Slovakia,270.10,122.03,59.76,110.40
Cameroon,340.70,101.66,65.98,49.37
Bolivia,329.85,127.97,31.79,65.36
Scotland,282.15,135.72,88.89,44.58
Bulgaria,286.63,160.59,80.88,20.67
Poland,266.54,164.98,79.55,27.72
Senegal,268.48,96.83,126.64,42.04
New Zealand,317.33,116.45,14.04,80.95
South Africa,297.99,76.71,89.77,63.54
Israel,310.85,55.68,92.48,63.42
Libya,207.87,165.24,118.23,28.27
Zambia,168.67,233.20,61.14,51.97
Sierra Leone,223.35,135.99,121.65,16.43
Jordan,258.36,118.28,75.91,41.91
Morocco,269.43,100.13,112.22,9.98
FYR Macedonia,319.38,87.08,34.77,48.98
Guinea,228.16,151.30,78.21,29.41
Togo,313.37,92.81,49.43,30.03
Haiti,216.68,185.72,68.85,0.00
Jamaica,188.80,133.50,114.93,33.65
Belarus,241.26,69.07,81.65,66.41
Uganda,266.06,90.50,43.75,57.12
United Arab Emirates,302.60,71.38,35.15,47.36
Gabon,159.92,171.74,24.10,87.71
Cuba,363.55,7.48,67.28,0.00
Trinidad and Tobago,250.24,92.87,71.32,17.30
Northern Ireland,302.71,25.93,50.50,51.79
Dominican Republic,269.17,101.42,54.45,0.00
Estonia,155.78,97.39,103.91,48.34
Angola,181.70,114.25,70.31,33.95
Benin,165.12,133.48,41.15,58.52
Congo DR,217.28,122.64,47.98,3.98
Congo,166.75,191.50,22.45,7.21
Ethiopia,234.30,100.80,39.87,10.79
El Salvador,178.06,125.11,77.03,5.42
New Caledonia,229.50,127.96,25.52,0.00
Oman,205.90,106.21,43.72,26.45
Georgia,96.81,128.36,97.17,41.78
Equatorial Guinea,193.07,131.63,38.70,0.00
China PR,143.43,89.46,83.79,45.34
Guatemala,111.79,145.99,59.02,18.34
Zimbabwe,111.86,82.16,115.61,23.00
Niger,170.71,55.73,98.50,6.72
Central African Republic,18.78,221.27,81.36,10.06
Botswana,173.78,42.09,55.59,54.52
Iraq,115.67,136.87,55.22,17.00
Canada,85.87,154.50,67.57,15.56
Azerbaijan,143.90,60.54,69.15,41.19
Qatar,132.01,93.33,60.94,23.11
Kuwait,148.75,63.00,55.57,39.63
Saudi Arabia,158.89,66.44,41.43,40.05
Antigua and Barbuda,159.72,71.85,69.34,1.94
Lithuania,140.94,37.04,32.75,88.11
Korea DPR,102.20,144.40,33.45,16.65
Liberia,111.94,123.84,51.73,7.48
Latvia,147.60,51.72,59.00,29.34
Mozambique,118.11,103.47,33.20,28.05
Tajikistan,157.38,50.20,57.92,15.17
Kenya,143.30,90.84,28.40,8.74
Grenada,178.99,45.47,43.33,0.00
Lebanon,105.32,118.34,34.35,6.55
Bahrain,132.87,65.96,35.87,29.29
St Vincent and the Grenadines,155.10,78.39,22.82,6.98
Malawi,81.87,70.44,66.17,44.52
Burundi,139.07,73.07,32.06,11.95
Turkmenistan,121.26,89.58,27.55,15.19
Luxembourg,150.45,33.89,58.07,4.70
Namibia,97.64,89.42,44.87,6.80
Tanzania,126.88,61.10,37.29,13.41
Moldova,146.28,35.22,17.50,37.94
Guyana,94.29,65.70,60.02,13.77
Rwanda,93.05,102.37,19.31,17.89
Afghanistan,163.94,44.81,18.54,0.00
Kazakhstan,139.17,40.93,35.37,11.07
Cyprus,58.13,56.43,26.60,83.86
Suriname,97.68,61.12,62.48,1.70
Gambia,92.88,64.29,24.10,40.49
St Kitts and Nevis,66.00,77.88,63.62,4.27
St Lucia,182.95,16.94,9.90,0.00
Thailand,107.30,32.10,41.24,25.84
Sudan,55.29,66.80,56.33,25.95
Sudan,55.29,66.80,56.33,25.95
Philippines,118.52,58.98,21.30,1.70
Malta,120.50,44.36,31.03,3.35
Syria,110.21,12.90,40.52,28.56
Kyrgyz Republic,178.46,0.00,7.74,0.00
Belize,82.54,47.52,49.17,4.36
Tahiti,48.27,113.84,20.30,0.00
Lesotho,106.94,40.22,21.47,7.45
Hong Kong,112.78,39.93,15.97,5.65
Palestine,88.03,51.80,24.74,7.13
Mauritania,166.23,0.00,0.00,1.72
Barbados,132.00,4.69,20.13,0.00
Maldives,80.41,41.84,11.84,11.90
Vietnam,38.70,47.21,39.80,18.35
Nicaragua,49.72,70.33,23.89,0.00
India,94.60,32.49,15.96,0.00
Liechtenstein,59.00,12.50,66.60,4.03
Bermuda,0.00,138.60,0.00,0.00
Chad,0.00,113.77,12.00,12.24
Singapore,70.95,17.86,26.28,15.98
Puerto Rico,0.00,87.04,41.58,0.00
Malaysia,64.50,23.98,30.03,9.69
Myanmar,98.77,4.30,10.96,10.20
São Tomé e Príncipe,0.00,120.04,0.00,0.00
Nepal,51.60,12.67,43.64,12.04
Aruba,42.68,44.88,26.40,0.00
Bangladesh,56.98,4.30,37.78,14.34
Dominica,66.00,0.00,40.96,5.10
Sri Lanka,75.25,12.90,8.44,10.93
Solomon Islands,0.00,82.42,22.39,0.00
Pakistan,66.29,14.19,14.65,6.80
Indonesia,50.11,9.46,34.31,7.74
Laos,67.81,0.00,16.36,0.00
Yemen,0.00,27.09,17.07,35.79
Curaçao,0.00,58.69,10.62,2.89
Chinese Taipei,32.25,17.20,19.01,1.70
Guam,49.45,12.90,7.70,0.00
Samoa,0.00,61.98,0.00,0.00
Mauritius,53.57,0.00,8.06,0.00
Madagascar,0.00,32.25,20.00,5.16
Guinea-Bissau,0.00,22.79,11.87,21.67
Vanuatu,0.00,31.88,20.88,0.00
Faroe Islands,0.00,0.00,49.69,2.09
Timor-Leste,51.60,0.00,0.00,0.00
Brunei Darussalam,51.60,0.00,0.00,0.00
Mongolia,21.50,0.00,27.09,0.00
Swaziland,27.14,0.00,10.77,10.20
Fiji,0.00,21.25,25.50,0.00
Tonga,0.00,42.50,0.00,0.00
American Samoa,0.00,42.50,0.00,0.00
US Virgin Islands,0.00,0.00,42.24,0.00
Bahamas,0.00,0.00,39.60,0.00
Cayman Islands,0.00,15.84,19.80,0.00
Comoros,8.60,0.00,16.77,7.65
Montserrat,0.00,33.00,0.00,0.00
Eritrea,0.00,18.92,0.00,5.10
Seychelles,0.00,0.00,23.22,0.00
British Virgin Islands,0.00,13.20,7.92,0.00
Papua New Guinea,0.00,10.63,10.20,0.00
Cambodia,0.00,0.00,20.00,0.00
Andorra,9.63,6.50,0.00,0.00
Somalia,0.00,13.98,0.00,0.00
Macau,7.17,0.00,5.53,0.00
Djibouti,0.00,10.75,0.00,0.00
Cook Islands,0.00,10.63,0.00,0.00
South Sudan,0.00,9.89,0.00,0.00
Anguilla,0.00,0.00,2.20,0.00
Bhutan,0.00,0.00,0.00,0.00
San Marino,0.00,0.00,0.00,0.00
Turks and Caicos Islands,0.00,0.00,0.00,0.00
