Team,Ranking1,Ranking2,Ranking3,Ranking4
Spain,709.53,407.16,187.49,202.26
Germany,568.45,375.70,192.89,177.16
Argentina,595.26,358.93,125.43,175.39
Portugal,666.86,267.71,187.02,97.89
Colombia,660.82,370.71,146.23,32.80
Switzerland,676.00,259.16,149.25,74.37
Uruguay,665.09,137.89,217.84,136.36
Italy,559.08,302.10,197.36,76.01
Brazil,705.46,158.42,133.72,127.31
Netherlands,557.87,205.96,146.99,210.73
Belgium,671.42,267.38,126.89,51.71
Greece,586.67,253.05,146.30,97.50
USA,695.82,181.06,92.59,74.23
Chile,645.39,150.57,149.13,93.03
England,446.77,278.93,171.44,134.51
Croatia,427.30,260.17,172.25,106.65
Bosnia and Herzegovina,510.94,189.02,174.60,44.04
Ukraine,634.71,169.19,53.05,60.50
France,474.78,224.60,143.35,74.70
Denmark,487.85,135.64,209.60,73.94
Mexico,422.67,255.44,143.74,65.51
Russia,335.64,291.68,154.69,80.45
Côte d'Ivoire,346.87,248.40,169.81,75.44
Ecuador,348.17,342.87,101.87,38.24
Sweden,376.86,199.21,168.35,76.59
Algeria,485.61,189.11,117.65,27.03
Slovenia,529.05,82.36,89.46,98.42
Cape Verde Islands,531.31,134.79,71.21,61.27
Serbia,466.59,125.54,105.61,76.84
Armenia,520.63,64.66,126.11,59.60
Czech Republic,358.33,208.27,134.11,59.38
Panama,428.00,163.87,105.53,56.25
Romania,383.86,228.70,100.31,32.99
Scotland,484.70,101.97,104.17,50.76
Costa Rica,460.81,166.19,71.21,35.70
Venezuela,446.14,142.47,109.01,36.07
Ghana,299.63,213.93,117.35,102.35
Egypt,526.64,104.53,62.31,35.86
IR Iran,444.24,121.49,95.06,68.08
Honduras,449.04,154.22,69.17,43.70
Peru,385.46,123.05,143.50,52.48
Turkey,381.56,121.73,131.35,67.92
Austria,460.54,111.17,52.46,53.59
Hungary,308.73,193.03,107.52,63.61
Tunisia,354.99,160.59,85.79,54.15
Cameroon,423.84,111.00,64.57,26.95
Nigeria,275.57,236.36,71.11,32.56
Iceland,426.00,109.77,60.13,16.89
Paraguay,261.00,150.85,109.58,81.26
Japan,205.07,193.44,88.88,113.63
Wales,340.06,92.25,158.10,7.11
Montenegro,209.19,223.71,45.41,115.70
Australia,259.19,114.67,116.16,85.66
Slovakia,299.06,115.13,68.98,91.30
Albania,299.25,147.38,67.68,56.95
Israel,331.00,81.13,136.61,21.75
Uzbekistan,287.67,165.64,70.41,44.85
United Arab Emirates,377.77,120.96,33.01,33.04
Mali,156.02,254.45,131.07,19.22
Norway,168.79,177.94,100.30,109.62
Korea Republic,225.59,138.65,103.02,88.40
Burkina Faso,288.23,168.98,37.94,59.32
Guinea,292.03,114.60,74.93,72.24
South Africa,279.81,114.97,84.72,70.98
Finland,348.60,92.97,70.19,28.11
Senegal,282.37,106.57,79.98,60.04
Republic of Ireland,205.69,99.81,165.43,56.81
Libya,231.42,114.67,100.34,76.54
Jordan,310.32,80.42,69.37,53.96
Poland,222.23,144.77,82.67,44.55
Bolivia,214.83,237.12,35.15,6.56
Bulgaria,218.48,192.75,45.36,29.45
Sierra Leone,198.23,134.88,122.55,28.64
Morocco,202.85,111.16,90.64,49.55
Zambia,126.21,161.48,141.00,21.53
Saudi Arabia,297.06,63.96,62.44,26.53
Trinidad and Tobago,197.15,145.90,68.25,32.48
El Salvador,222.64,73.01,115.59,24.78
Haiti,134.43,172.70,91.63,31.33
Oman,255.33,83.72,65.39,22.02
Jamaica,127.40,140.58,88.15,69.79
Belarus,160.95,119.36,59.22,83.09
FYR Macedonia,177.33,148.75,44.01,32.32
Uganda,190.95,114.88,62.49,32.09
Northern Ireland,243.93,68.88,37.25,46.48
Congo,195.31,145.19,37.63,14.96
Gabon,168.02,87.41,99.31,31.12
China PR,189.38,70.01,71.26,49.49
New Zealand,185.39,129.06,6.36,57.68
Togo,145.77,152.85,65.23,11.93
Congo DR,166.37,135.04,53.46,18.29
Estonia,151.51,64.74,111.32,45.44
Azerbaijan,225.91,61.19,44.98,39.88
Botswana,217.15,40.92,30.05,72.07
Angola,163.01,87.00,83.75,22.11
Liberia,201.50,80.52,64.44,7.48
Benin,165.12,133.48,7.10,29.58
Cuba,110.88,126.94,11.09,84.68
Qatar,150.66,86.99,54.30,39.08
Zimbabwe,141.37,95.70,66.39,27.00
Ethiopia,166.84,98.04,37.54,26.20
Lithuania,186.75,49.64,36.84,53.05
Georgia,63.21,124.68,67.35,69.70
Niger,108.48,110.35,46.80,50.08
Central African Republic,0.00,221.27,35.75,52.63
Bahrain,183.65,54.47,53.18,16.27
Moldova,193.00,57.17,14.06,40.85
Kenya,163.69,74.45,50.07,12.22
Kuwait,150.84,50.21,65.12,32.41
Tajikistan,157.38,66.94,45.04,15.93
Latvia,145.10,46.55,70.03,20.10
Dominican Republic,78.67,125.71,64.09,13.20
Canada,43.69,120.68,86.70,23.61
Iraq,64.83,81.52,83.45,38.75
Malawi,122.12,62.83,47.24,35.41
Tanzania,121.66,76.37,35.18,20.57
New Caledonia,79.05,141.31,28.72,3.40
Mozambique,98.58,73.91,51.19,27.66
Equatorial Guinea,67.94,92.88,83.59,6.30
Luxembourg,153.28,33.31,35.75,25.15
Lebanon,114.75,49.36,79.28,0.00
Cyprus,142.08,49.38,20.91,27.99
Sudan,104.15,52.33,46.90,32.62
Sudan,104.15,52.33,46.90,32.62
Namibia,97.78,70.92,58.40,6.80
Burundi,72.24,103.91,42.41,15.32
Guatemala,12.50,95.42,96.65,24.43
Philippines,127.28,55.38,23.72,12.91
Kazakhstan,101.13,52.13,46.58,14.17
Turkmenistan,64.50,97.06,22.96,18.22
Myanmar,150.50,29.24,12.95,7.45
Malta,109.17,54.56,27.83,7.80
Suriname,26.40,95.70,34.86,39.91
Syria,85.69,47.69,36.45,26.63
Rwanda,67.64,57.15,66.49,3.58
Grenada,68.11,55.44,16.27,53.79
Korea DPR,16.51,105.30,52.21,16.97
Gambia,92.88,30.10,45.21,21.93
Afghanistan,160.06,0.00,23.56,0.00
Lesotho,121.82,28.73,31.06,0.00
Tahiti,67.58,88.54,19.20,3.74
St Vincent and the Grenadines,35.20,89.96,34.23,17.98
Belize,42.77,61.16,62.87,8.76
Vietnam,47.47,33.04,81.66,9.92
Hong Kong,97.83,39.48,17.50,15.69
Palestine,86.00,47.43,32.01,4.51
Antigua and Barbuda,0.00,48.04,73.54,42.00
Thailand,54.18,48.19,40.23,15.31
St Lucia,68.11,70.62,12.98,3.67
Kyrgyz Republic,146.86,0.00,7.74,0.00
Liechtenstein,65.56,9.38,64.29,13.23
Singapore,88.37,30.97,25.65,6.86
Malaysia,82.06,26.61,22.98,19.95
St Kitts and Nevis,0.00,62.04,49.30,38.16
India,102.65,15.44,23.97,6.84
Guyana,0.00,35.30,74.03,39.43
Laos,96.75,19.11,21.93,8.26
Puerto Rico,0.00,52.31,62.48,26.40
Indonesia,71.20,20.13,22.20,21.54
Mauritania,79.38,45.92,0.00,1.72
Guam,98.90,16.72,7.70,0.00
São Tomé e Príncipe,0.00,87.72,33.80,0.00
Chad,0.00,65.79,42.44,12.65
Maldives,62.78,39.45,17.51,0.00
Bangladesh,73.96,8.60,27.74,5.30
Pakistan,62.35,30.10,14.48,0.00
Dominica,35.20,33.00,0.00,35.11
Nicaragua,0.00,54.47,42.86,4.40
Barbados,0.00,71.63,6.96,22.00
Nepal,60.20,4.78,33.11,0.00
Chinese Taipei,51.94,13.44,17.29,14.24
Sri Lanka,75.25,0.00,9.78,5.10
Aruba,0.00,52.49,34.64,0.00
Faroe Islands,18.89,0.00,56.25,11.51
Solomon Islands,0.00,64.10,22.39,0.00
Bermuda,0.00,0.00,83.16,0.00
Seychelles,52.63,0.00,14.51,0.00
Mauritius,40.59,17.20,8.06,0.00
Curaçao,26.40,0.00,25.61,12.74
Vanuatu,0.00,31.88,21.70,1.70
Mongolia,21.50,0.00,27.09,0.00
Fiji,0.00,21.25,25.50,0.00
Samoa,0.00,0.00,44.63,0.00
Guinea-Bissau,0.00,0.00,11.39,31.17
Swaziland,12.04,17.20,10.77,0.00
Bahamas,0.00,0.00,39.60,0.00
Yemen,0.00,10.42,11.87,16.59
Madagascar,0.00,0.00,28.10,5.16
Montserrat,0.00,33.00,0.00,0.00
Cambodia,0.00,0.00,16.13,13.76
Brunei Darussalam,0.00,25.80,0.00,0.00
Timor-Leste,0.00,25.80,0.00,0.00
Tonga,0.00,0.00,25.50,0.00
US Virgin Islands,0.00,0.00,23.47,0.00
Cayman Islands,0.00,0.00,7.92,13.20
Papua New Guinea,0.00,10.63,10.20,0.00
British Virgin Islands,0.00,13.20,0.00,5.28
American Samoa,0.00,0.00,18.21,0.00
Comoros,0.00,4.30,13.04,0.00
Andorra,11.00,5.69,0.00,0.00
Eritrea,0.00,0.00,11.35,0.00
Macau,0.00,4.30,6.45,0.00
South Sudan,0.00,9.89,0.00,0.00
Somalia,0.00,0.00,8.39,0.00
Djibouti,0.00,0.00,6.45,0.00
Cook Islands,0.00,0.00,5.31,0.00
Anguilla,0.00,0.00,2.64,0.00
Bhutan,0.00,0.00,0.00,0.00
San Marino,0.00,0.00,0.00,0.00
Turks and Caicos Islands,0.00,0.00,0.00,0.00
