Team,Ranking1,Ranking2,Ranking3,Ranking4
Spain,701.19,418.17,183.42,207.34
Germany,567.58,402.54,178.05,187.58
Argentina,559.57,366.47,127.34,180.36
Portugal,647.10,282.19,172.22,97.89
Colombia,617.76,385.50,146.67,32.80
Uruguay,635.20,144.28,207.64,138.56
Switzerland,621.33,287.95,132.67,80.57
Italy,528.02,323.68,180.91,79.57
Brazil,688.30,149.72,135.54,129.95
Belgium,625.35,286.75,120.42,51.71
Netherlands,511.38,199.31,149.58,217.19
England,454.54,300.38,152.39,137.25
Greece,528.00,266.33,138.14,105.62
USA,665.57,174.16,96.47,81.12
Chile,599.29,170.46,135.30,93.03
Croatia,407.86,283.82,156.59,106.65
France,482.72,219.43,146.03,80.45
Ukraine,625.77,162.67,61.73,60.50
Russia,353.08,292.24,156.17,87.60
Mexico,410.08,276.73,136.56,65.00
Bosnia and Herzegovina,454.17,210.03,160.05,38.33
Denmark,443.50,146.07,188.64,80.10
Ecuador,352.93,360.88,102.89,38.24
Côte d'Ivoire,329.76,265.71,160.81,82.98
Algeria,485.32,181.38,125.45,27.03
Egypt,590.46,102.53,57.61,39.45
Sweden,351.73,191.93,168.65,76.83
Serbia,459.83,123.15,102.06,76.84
Panama,428.00,174.12,98.93,54.34
Czech Republic,336.50,217.37,127.44,66.80
Slovenia,476.15,83.16,84.58,101.92
Romania,366.87,243.23,97.34,32.99
Cape Verde Islands,455.16,132.38,90.56,61.27
Costa Rica,458.87,163.05,74.68,35.70
Ghana,282.01,222.37,113.30,110.88
Honduras,449.94,164.51,64.56,46.13
Scotland,475.23,103.91,98.94,43.01
Turkey,393.52,132.80,118.22,65.55
Venezuela,401.53,160.28,104.27,37.74
Peru,385.46,128.15,136.62,52.48
Armenia,462.78,58.09,110.21,68.12
IR Iran,414.09,127.68,86.64,64.03
Hungary,274.42,210.16,100.80,66.50
Tunisia,337.63,166.12,83.18,54.15
Austria,433.78,102.38,57.59,46.93
Montenegro,236.47,236.75,50.07,115.70
Nigeria,270.58,254.84,69.20,31.33
Japan,209.26,216.30,80.10,116.55
Wales,352.94,105.43,142.29,8.30
Slovakia,312.35,98.75,78.82,98.33
Cameroon,388.52,105.41,67.78,26.10
Iceland,387.27,134.17,45.09,15.65
Guinea,307.77,119.60,72.66,72.24
Albania,289.00,165.81,61.53,52.54
Uzbekistan,289.27,143.94,83.85,48.30
Mali,152.88,254.45,131.07,23.07
Norway,168.81,178.63,100.53,110.53
Finland,359.46,104.59,63.81,27.88
Paraguay,232.00,127.97,112.47,81.26
Korea Republic,242.20,109.54,112.11,88.64
United Arab Emirates,368.98,112.64,43.71,24.62
Burkina Faso,273.81,180.24,34.78,59.32
Australia,237.59,95.96,125.12,85.96
South Africa,263.35,118.85,79.66,74.48
Israel,294.22,90.14,119.53,21.75
Jordan,315.86,86.76,63.86,54.50
Bulgaria,232.03,206.66,45.75,33.13
Republic of Ireland,191.00,101.12,157.28,63.13
Senegal,266.26,115.67,76.04,53.55
Bolivia,214.83,251.96,37.55,6.56
Libya,231.42,114.67,100.34,61.64
Sierra Leone,198.23,151.74,102.13,28.64
Poland,206.36,148.18,80.63,39.77
Zambia,133.73,161.48,141.00,21.53
Saudi Arabia,300.69,68.52,56.76,26.53
Trinidad and Tobago,197.15,145.97,70.35,32.48
Morocco,194.72,107.82,91.19,49.55
El Salvador,222.64,77.57,107.88,30.28
Haiti,134.43,172.70,91.63,31.33
Jamaica,128.51,147.98,82.83,69.79
Oman,260.13,78.14,67.80,20.06
FYR Macedonia,186.30,163.62,39.12,32.32
Belarus,148.57,130.66,55.42,85.58
Congo DR,166.37,152.58,52.53,20.12
Uganda,180.34,122.54,57.29,31.16
Northern Ireland,223.19,78.71,33.53,52.29
Congo,195.31,108.65,63.49,14.96
Gabon,163.43,87.41,99.31,31.12
Togo,145.77,163.77,55.91,11.93
New Zealand,162.22,139.81,6.36,64.89
Azerbaijan,223.89,64.75,41.93,38.01
Estonia,151.51,53.89,112.19,49.23
Cuba,110.88,158.68,8.06,84.68
Benin,165.12,146.63,15.22,29.58
Botswana,210.37,40.92,30.05,73.24
Angola,155.30,87.00,83.75,22.11
Liberia,201.50,70.82,67.32,7.48
China PR,174.81,31.20,81.73,50.82
Georgia,74.06,116.34,72.07,70.69
Ethiopia,166.84,99.99,37.85,26.20
Qatar,143.64,87.20,57.47,41.52
Zimbabwe,144.91,107.66,60.86,14.96
Iraq,115.35,78.07,84.52,38.75
Niger,100.30,121.39,42.90,50.08
Lithuania,174.00,49.64,36.84,53.05
Bahrain,186.44,48.48,58.81,17.94
Central African Republic,0.00,221.27,35.75,52.63
Moldova,189.69,56.00,16.93,40.52
Kenya,163.69,59.60,57.57,12.22
Kuwait,140.78,54.21,61.86,30.20
Dominican Republic,78.67,125.71,64.09,13.20
Canada,43.69,132.75,78.82,23.61
Latvia,131.91,48.28,64.32,20.10
Malawi,109.91,68.07,43.30,38.96
Mozambique,98.09,82.13,44.19,33.20
Lebanon,128.95,52.10,72.67,0.00
Tanzania,117.91,77.42,36.04,21.94
New Caledonia,79.05,141.31,28.72,3.40
Equatorial Guinea,67.94,92.88,83.59,6.30
Luxembourg,154.04,18.91,41.09,28.30
Tajikistan,157.38,27.86,46.53,5.16
Sudan,104.15,52.33,46.90,32.62
Sudan,104.15,52.33,46.90,32.62
Cyprus,138.21,43.93,24.42,29.02
Namibia,95.95,73.49,54.99,2.75
Vietnam,99.76,33.04,81.66,9.92
Guatemala,12.50,97.96,88.95,19.89
Afghanistan,114.67,75.25,23.56,0.00
Kazakhstan,100.78,50.57,45.48,16.53
Burundi,70.69,66.94,57.71,15.32
Philippines,106.12,54.51,26.12,12.91
Suriname,26.40,95.70,34.86,39.91
Grenada,68.11,55.44,15.10,53.79
Korea DPR,16.51,101.70,56.03,16.74
Malta,98.25,46.07,32.90,8.91
Rwanda,67.48,46.30,68.69,3.58
Gambia,92.88,30.10,38.76,21.93
Syria,74.98,47.69,36.45,24.32
Tahiti,67.58,88.54,19.20,3.74
St Vincent and the Grenadines,35.20,84.70,38.89,17.98
Belize,42.77,61.16,62.87,8.76
Malaysia,109.70,26.93,21.97,16.78
Turkmenistan,64.50,60.63,40.39,0.00
Lesotho,105.10,28.73,31.06,0.00
Antigua and Barbuda,0.00,56.78,60.17,42.00
Hong Kong,83.85,36.98,20.53,14.33
St Lucia,68.11,70.62,12.98,3.67
Kyrgyz Republic,146.86,0.00,7.74,0.00
Thailand,45.15,51.09,37.24,17.49
Singapore,80.33,32.12,23.65,8.00
Puerto Rico,0.00,69.74,46.86,26.40
Liechtenstein,59.00,10.71,56.25,13.23
India,58.58,52.99,19.18,6.84
Guyana,0.00,36.64,61.03,39.43
Indonesia,62.30,22.15,20.18,23.50
Mauritania,79.67,45.92,0.00,1.72
St Kitts and Nevis,0.00,33.00,53.50,38.16
Maldives,51.74,43.77,18.85,0.00
Pakistan,62.35,30.10,14.48,0.00
Dominica,35.20,33.00,0.00,35.11
Nepal,62.78,12.09,27.26,0.00
Barbados,0.00,71.63,6.96,22.00
Aruba,0.00,52.49,34.64,0.00
Faroe Islands,18.89,0.00,56.25,11.51
Bangladesh,18.06,40.85,27.74,0.00
Solomon Islands,0.00,64.10,22.39,0.00
São Tomé e Príncipe,0.00,0.00,86.43,0.00
Palestine,0.00,43.00,37.76,4.51
Nicaragua,0.00,30.32,49.37,4.40
Bermuda,0.00,0.00,83.16,0.00
Chad,0.00,0.00,68.26,12.65
Chinese Taipei,30.44,16.13,16.00,13.30
Laos,8.60,36.73,19.35,8.30
Guam,34.40,25.98,7.70,0.00
Myanmar,0.00,53.28,12.95,1.72
Sri Lanka,25.80,32.25,9.78,0.00
Mauritius,40.59,17.20,8.06,0.00
Seychelles,52.63,0.00,12.90,0.00
Curaçao,26.40,0.00,25.61,12.74
Swaziland,35.26,17.20,10.77,0.00
Vanuatu,0.00,31.88,21.70,1.70
Fiji,0.00,21.25,25.50,0.00
Samoa,0.00,0.00,44.63,0.00
Comoros,23.74,4.30,13.04,0.00
Guinea-Bissau,0.00,0.00,9.77,31.17
Bahamas,0.00,0.00,39.60,0.00
Yemen,0.00,10.42,11.87,17.25
Mongolia,0.00,10.75,27.09,0.00
Cambodia,0.00,0.00,19.35,13.76
Montserrat,0.00,33.00,0.00,0.00
Madagascar,0.00,0.00,24.59,5.16
Brunei Darussalam,0.00,25.80,0.00,0.00
Timor-Leste,0.00,25.80,0.00,0.00
Tonga,0.00,0.00,25.50,0.00
US Virgin Islands,0.00,0.00,23.47,0.00
Cayman Islands,0.00,0.00,7.92,13.20
Papua New Guinea,0.00,10.63,10.20,0.00
British Virgin Islands,0.00,13.20,0.00,5.28
American Samoa,0.00,0.00,18.21,0.00
Andorra,9.63,5.69,0.00,0.00
Eritrea,0.00,0.00,11.35,0.00
South Sudan,0.00,9.89,0.00,0.00
Macau,0.00,4.30,0.00,5.16
Somalia,0.00,0.00,8.39,0.00
Djibouti,0.00,0.00,6.45,0.00
Cook Islands,0.00,0.00,5.31,0.00
Anguilla,0.00,0.00,2.64,0.00
Bhutan,0.00,0.00,0.00,0.00
San Marino,0.00,0.00,0.00,0.00
Turks and Caicos Islands,0.00,0.00,0.00,0.00
