Team,Ranking1,Ranking2,Ranking3,Ranking4
Spain,814.33,312.49,303.38,159.31
Germany,751.40,321.48,265.74,98.58
Argentina,717.86,209.05,263.09,91.17
England,557.86,285.73,201.76,114.22
Italy,604.20,328.93,114.01,110.05
Colombia,741.43,243.72,49.20,94.37
Portugal,535.42,311.69,146.83,134.81
Netherlands,411.93,244.98,316.10,134.95
Croatia,520.35,287.08,159.98,91.77
Russia,583.36,257.81,120.68,93.20
Greece,506.11,243.84,146.24,123.89
Ecuador,685.74,169.78,57.36,86.43
Côte d'Ivoire,496.80,283.02,113.15,106.17
Switzerland,518.32,248.75,111.56,114.13
Mexico,510.88,239.57,98.27,119.52
Uruguay,275.77,363.07,204.54,107.06
France,449.20,238.92,112.06,128.57
Brazil,316.84,222.86,190.96,193.23
Ghana,427.87,195.59,153.53,88.20
Belgium,534.75,211.48,77.57,40.25
Sweden,398.41,280.59,114.88,68.84
Denmark,271.27,349.33,110.91,93.68
Chile,303.74,248.54,139.55,122.88
Bosnia and Herzegovina,378.05,291.00,66.06,79.11
Mali,508.91,218.46,28.83,57.00
Czech Republic,416.54,223.52,89.07,68.20
Norway,352.40,167.17,164.43,96.50
Japan,386.87,148.14,179.42,64.51
Montenegro,447.43,75.69,173.55,59.56
Nigeria,472.73,118.51,48.84,107.15
Romania,457.41,167.18,49.49,69.51
USA,362.11,154.32,111.35,108.00
Hungary,386.06,179.20,95.42,67.13
Algeria,378.22,196.08,40.55,109.81
Paraguay,301.70,182.64,121.89,75.13
Serbia,251.08,176.02,115.26,125.84
Australia,229.34,193.59,128.49,97.23
Korea Republic,277.31,171.69,133.11,60.59
Republic of Ireland,199.63,275.71,85.22,73.63
Peru,255.15,239.17,78.71,61.19
Turkey,243.46,218.92,101.88,51.46
Panama,327.75,175.88,84.37,23.99
Tunisia,321.19,142.99,81.22,66.50
Bolivia,474.24,58.59,9.84,64.35
Venezuela,284.95,181.68,54.11,78.37
Ukraine,338.38,88.42,90.74,79.10
Zambia,271.37,235.00,32.30,52.64
Bulgaria,385.50,75.59,44.17,84.59
Slovakia,230.25,114.97,136.96,107.25
Haiti,345.40,152.72,46.99,39.12
Central African Republic,442.54,59.59,78.95,0.00
Honduras,308.45,115.28,65.55,91.32
Costa Rica,332.38,118.69,53.55,72.64
Slovenia,164.72,149.09,147.63,111.56
Burkina Faso,337.95,63.23,88.98,80.41
Jamaica,281.16,146.92,104.69,36.93
Uzbekistan,331.28,117.35,67.28,40.78
IR Iran,242.98,158.43,102.12,39.54
Poland,289.53,137.78,66.83,34.28
South Africa,245.27,141.21,106.48,32.34
Sierra Leone,269.75,204.25,42.96,0.00
Libya,229.33,167.24,114.81,3.06
Cape Verde Islands,269.57,118.68,91.91,32.06
Scotland,203.95,173.61,76.14,57.64
Belarus,238.72,98.70,124.63,40.75
Israel,162.25,227.68,32.63,72.94
Togo,305.70,108.72,17.90,61.63
Wales,184.50,263.50,10.67,34.40
Georgia,267.31,112.25,104.55,7.29
Egypt,209.06,103.85,53.79,123.15
Albania,265.29,112.80,85.42,25.83
Canada,241.36,144.50,35.41,64.15
Guinea,229.19,124.88,108.36,19.92
Morocco,222.31,151.06,74.32,33.51
Gabon,174.81,165.51,46.68,91.15
Austria,222.33,87.43,80.38,79.88
Trinidad and Tobago,267.48,113.76,48.73,36.23
FYR Macedonia,297.50,73.34,48.48,45.62
Cameroon,221.99,107.61,40.42,93.66
Armenia,129.33,210.18,89.41,33.57
El Salvador,146.01,192.65,37.16,58.26
Senegal,182.69,133.30,90.06,19.65
Estonia,129.48,185.54,68.16,43.03
Uganda,229.75,104.16,48.13,41.60
Finland,185.94,116.98,42.17,68.70
Congo DR,270.08,89.10,27.43,13.77
Cuba,253.88,18.48,127.02,0.00
Guatemala,190.85,161.08,36.64,5.92
Iraq,163.04,139.08,58.12,31.59
New Zealand,258.11,10.60,86.52,34.79
Congo,290.37,62.71,22.45,12.14
Jordan,160.85,115.62,80.95,28.97
Benin,266.96,11.83,44.38,60.71
Angola,174.00,139.58,33.17,34.17
Dominican Republic,251.43,106.81,19.80,0.00
China PR,140.03,118.77,76.23,40.01
Niger,220.71,78.01,75.11,0.00
Iceland,219.55,100.21,25.34,24.68
United Arab Emirates,241.93,55.02,49.56,17.57
Zimbabwe,191.40,110.65,40.50,16.72
Qatar,173.98,90.51,58.62,34.02
Northern Ireland,137.75,62.08,69.72,84.50
Korea DPR,204.32,87.02,25.45,37.51
Sudan,207.86,78.17,48.94,8.18
Sudan,207.86,78.17,48.94,8.18
Oman,167.45,108.99,33.03,28.05
New Caledonia,282.63,47.86,5.10,0.00
Equatorial Guinea,185.76,139.32,9.44,0.00
Saudi Arabia,127.91,104.06,39.79,55.93
Latvia,93.10,116.72,30.15,84.61
Kuwait,100.42,111.82,47.80,50.65
Suriname,191.40,58.10,59.87,1.70
Mozambique,147.81,85.32,41.50,35.79
Malawi,125.66,78.73,53.12,46.23
Ethiopia,196.08,62.57,39.30,5.10
Burundi,207.81,70.69,22.98,0.00
Antigua and Barbuda,96.09,122.56,62.99,11.25
Lithuania,99.28,61.41,79.58,47.01
Azerbaijan,122.38,74.97,59.81,25.73
Bahrain,108.93,92.17,24.46,54.76
Liberia,161.04,107.41,11.22,0.00
Turkmenistan,194.11,38.27,27.34,15.30
St Kitts and Nevis,124.08,82.17,57.24,7.07
Namibia,141.85,97.33,10.20,18.13
Guyana,70.59,123.39,59.15,13.77
St Vincent and the Grenadines,179.92,57.05,26.97,1.70
Kenya,148.89,83.46,18.33,13.33
Tanzania,152.74,58.63,30.86,16.10
Botswana,81.84,50.08,108.10,14.19
Puerto Rico,104.61,104.13,39.60,0.00
Rwanda,114.29,110.82,5.37,15.46
Lebanon,98.72,132.13,0.00,10.15
Tajikistan,133.87,75.07,23.89,7.14
Belize,122.32,104.78,13.15,0.00
Vietnam,66.09,136.10,14.89,21.70
Cyprus,98.75,34.84,41.99,56.17
São Tomé e Príncipe,175.44,56.33,0.00,0.00
Moldova,114.33,23.44,61.28,29.22
Syria,95.37,60.75,39.95,27.13
Grenada,110.88,27.11,80.69,3.23
Chad,131.58,70.74,18.97,0.00
Thailand,96.39,67.04,22.96,33.32
Kazakhstan,104.25,77.63,21.26,12.50
Tahiti,177.08,32.00,5.61,0.00
Barbados,143.26,11.60,33.00,0.00
Gambia,60.20,75.36,32.90,18.56
Nicaragua,108.93,71.43,6.60,0.00
Philippines,110.76,39.53,19.37,6.80
Luxembourg,66.61,59.58,37.73,9.83
Malta,109.13,46.39,11.70,5.82
St Lucia,141.24,21.63,5.50,0.00
Solomon Islands,128.21,37.31,0.00,0.00
Aruba,104.98,57.73,0.00,0.00
Palestine,94.85,53.35,6.76,5.02
Liechtenstein,18.75,107.14,19.85,7.72
Faroe Islands,0.00,93.75,17.27,40.29
Hong Kong,78.96,29.17,26.90,7.82
Bermuda,0.00,138.60,0.00,0.00
Singapore,61.94,42.75,10.28,18.85
Maldives,84.03,29.19,0.00,17.00
Malaysia,53.22,38.29,29.92,8.67
Dominica,66.00,0.00,52.67,5.10
Lesotho,57.46,51.77,0.00,12.00
Indonesia,40.26,37.00,32.31,7.74
Myanmar,58.48,21.59,11.18,15.30
Yemen,20.84,19.78,24.89,40.59
Vanuatu,63.75,36.16,2.55,0.00
India,30.87,39.95,10.26,17.34
Mauritania,91.85,0.00,2.58,0.00
Bangladesh,17.20,46.23,7.96,18.42
Pakistan,51.60,24.13,0.00,12.75
Chinese Taipei,26.88,28.81,21.36,9.71
Fiji,42.50,42.50,0.00,0.00
Laos,34.40,36.55,12.38,0.00
Nepal,9.56,55.18,0.00,15.44
Samoa,0.00,74.38,0.00,0.00
Bahamas,0.00,66.00,0.00,0.00
Guinea-Bissau,0.00,18.99,46.75,0.00
Montserrat,66.00,0.00,0.00,0.00
Curaçao,0.00,42.68,19.11,2.89
Swaziland,34.40,17.94,0.00,10.60
Madagascar,0.00,46.84,7.74,0.00
Mongolia,0.00,45.15,0.00,10.20
Guam,33.44,12.83,0.00,6.80
Cambodia,0.00,26.88,20.64,5.10
Brunei Darussalam,51.60,0.00,0.00,0.00
Timor-Leste,51.60,0.00,0.00,0.00
Mauritius,34.40,13.44,0.00,0.00
Tonga,0.00,42.50,0.00,1.70
Afghanistan,0.00,39.27,0.00,0.00
US Virgin Islands,0.00,39.11,0.00,0.00
Papua New Guinea,21.25,17.00,0.00,0.00
Comoros,8.60,21.74,0.00,7.65
Sri Lanka,0.00,16.30,7.65,12.13
British Virgin Islands,26.40,0.00,7.92,0.00
Cayman Islands,0.00,13.20,19.80,0.00
American Samoa,0.00,30.36,0.00,0.00
Eritrea,0.00,18.92,0.00,5.10
Seychelles,0.00,24.19,0.00,0.00
Macau,8.60,10.75,0.00,4.86
Kyrgyz Republic,0.00,12.90,0.00,7.33
South Sudan,19.78,0.00,0.00,0.00
Cook Islands,0.00,8.85,0.00,6.80
Somalia,0.00,13.98,0.00,0.00
Andorra,11.38,0.00,0.00,0.00
Djibouti,0.00,10.75,0.00,0.00
Anguilla,0.00,4.40,0.00,0.00
Bhutan,0.00,0.00,0.00,0.00
San Marino,0.00,0.00,0.00,0.00
Turks and Caicos Islands,0.00,0.00,0.00,0.00
