Team,Ranking1,Ranking2,Ranking3,Ranking4
Spain,836.35,305.70,311.01,156.59
Germany,805.07,296.75,281.37,89.62
Argentina,732.94,212.24,270.54,92.81
England,600.77,253.98,205.88,113.07
Italy,647.36,301.52,119.35,104.93
Colombia,771.01,244.45,49.20,94.37
Portugal,564.38,287.03,146.83,134.81
Netherlands,398.62,249.30,325.78,131.86
Croatia,567.65,260.98,159.98,91.77
Russia,584.48,260.28,131.40,87.49
Ecuador,721.75,171.49,57.36,86.43
Greece,532.65,230.23,158.43,111.50
Côte d'Ivoire,531.41,268.02,124.47,98.58
Switzerland,575.91,221.11,120.86,101.44
Mexico,553.46,227.59,97.50,116.48
Uruguay,288.55,346.07,207.85,107.29
France,438.86,243.39,120.68,117.86
Brazil,299.44,225.90,194.92,187.49
Belgium,573.50,200.71,77.57,40.25
Ghana,444.73,188.83,166.32,83.30
Sweden,383.87,281.08,115.24,69.27
Chile,340.65,225.50,139.55,122.88
Bosnia and Herzegovina,420.05,266.75,57.50,80.47
Mali,508.91,218.46,34.60,53.44
Denmark,292.14,314.40,120.15,86.99
Japan,432.61,133.51,174.83,70.31
Czech Republic,434.73,212.40,100.21,62.00
Montenegro,473.50,83.44,173.55,59.56
Norway,353.56,167.55,165.80,96.99
Nigeria,509.67,115.33,47.00,103.00
Romania,486.45,162.24,49.49,69.51
Hungary,420.31,168.00,99.75,63.84
USA,348.32,160.78,121.68,101.99
Algeria,362.76,209.09,40.55,109.81
Serbia,246.30,170.09,115.26,125.84
Zambia,322.97,235.00,32.30,52.64
Bolivia,503.91,62.58,9.84,64.35
Paraguay,255.94,187.45,121.89,75.13
Australia,191.91,208.54,128.94,104.54
Republic of Ireland,202.23,262.13,94.69,67.49
Peru,256.30,227.69,78.71,61.19
Panama,348.23,164.89,81.52,29.34
Venezuela,320.57,173.78,56.61,71.51
Tunisia,332.25,138.63,81.22,66.50
Turkey,265.59,197.03,98.33,55.47
Bulgaria,413.31,76.25,49.69,76.13
Korea Republic,219.09,186.86,132.95,62.36
Ukraine,325.33,102.88,90.74,79.10
Honduras,329.01,107.59,69.19,86.52
Burkina Faso,360.48,57.96,88.98,80.41
Haiti,345.40,152.72,46.99,39.12
Central African Republic,442.54,59.59,78.95,0.00
Costa Rica,326.10,124.47,53.55,72.64
Jamaica,295.95,138.06,104.69,36.93
Slovakia,197.50,131.36,147.49,97.50
Slovenia,166.31,140.97,152.88,106.39
IR Iran,255.35,144.40,96.05,44.00
Cape Verde Islands,264.76,150.93,91.91,32.06
Uzbekistan,287.89,139.75,72.45,36.25
South Africa,254.68,132.76,111.71,31.38
Poland,296.35,134.38,59.65,38.79
Belarus,261.31,92.37,128.36,42.33
Sierra Leone,303.47,170.21,42.96,0.00
Albania,294.77,102.55,78.82,33.69
Libya,229.33,167.24,92.47,17.95
Scotland,207.82,164.90,64.52,63.56
Togo,327.54,93.19,17.90,61.63
Canada,265.50,131.36,35.41,64.15
Trinidad and Tobago,291.94,117.25,48.73,36.23
Georgia,254.98,120.11,106.03,12.74
Wales,210.86,237.15,12.45,30.96
Guinea,239.20,121.10,108.36,19.92
FYR Macedonia,327.25,65.19,48.48,45.62
Israel,180.28,199.22,32.63,72.94
Egypt,205.07,96.02,59.17,117.79
Gabon,174.81,165.51,46.68,91.15
Morocco,215.63,151.99,74.32,33.51
Cuba,317.35,13.44,127.02,0.00
Austria,204.75,95.98,70.39,82.13
Cameroon,210.83,112.97,39.15,89.56
Congo DR,305.16,87.55,30.17,13.77
Senegal,192.78,126.73,80.33,33.95
El Salvador,155.14,179.81,45.42,51.40
Armenia,116.19,183.68,102.18,29.38
Uganda,245.07,95.48,46.74,39.85
Benin,293.26,25.37,44.38,60.71
Finland,209.19,106.34,41.81,65.18
New Zealand,279.62,10.60,97.34,31.63
Estonia,107.77,186.99,73.84,39.72
Jordan,173.52,106.43,81.76,32.64
Guatemala,195.93,148.25,29.83,18.97
Iceland,268.33,75.16,23.48,24.87
Niger,242.78,71.51,75.11,0.00
Iraq,156.14,140.87,58.12,31.59
Angola,174.00,139.58,33.17,34.17
Dominican Republic,251.43,106.81,19.80,0.00
Northern Ireland,157.43,55.88,78.44,75.11
Qatar,174.41,95.79,62.28,32.02
United Arab Emirates,225.27,72.85,36.93,29.38
Zimbabwe,215.32,101.43,22.45,21.55
Congo,217.29,105.81,22.45,12.14
Korea DPR,186.37,97.38,25.11,31.73
New Caledonia,282.63,47.86,5.10,0.00
Equatorial Guinea,185.76,139.32,9.44,0.00
Oman,156.29,113.01,30.08,29.68
Saudi Arabia,137.05,94.60,39.79,55.93
Mozambique,164.26,73.65,49.79,33.55
Latvia,96.56,107.19,30.15,84.61
China PR,62.39,136.22,76.23,40.01
Suriname,191.40,58.10,59.87,1.70
Malawi,136.13,72.17,58.43,43.52
Ethiopia,199.98,63.08,39.30,5.10
Kuwait,108.42,103.10,45.30,37.22
Antigua and Barbuda,113.56,100.28,62.99,11.25
Lithuania,99.28,61.41,79.58,47.01
Azerbaijan,129.49,69.88,57.01,29.20
Bahrain,96.97,98.02,26.91,48.67
Liberia,141.64,112.21,11.22,0.00
St Vincent and the Grenadines,169.40,64.82,26.97,1.70
Tanzania,154.84,60.07,32.91,14.76
Namibia,146.99,91.64,4.13,18.43
Botswana,81.84,50.08,109.86,18.68
Puerto Rico,139.48,78.10,39.60,0.00
Burundi,133.87,96.19,22.98,0.00
Guyana,73.28,101.72,59.15,13.77
Kenya,119.21,95.95,18.33,13.33
Sudan,104.66,78.17,48.94,9.35
Sudan,104.66,78.17,48.94,9.35
Belize,122.32,104.78,13.15,0.00
Vietnam,66.09,136.10,14.89,21.70
Lebanon,104.20,121.12,0.00,9.02
Moldova,112.00,28.22,60.78,30.68
Rwanda,92.59,114.49,5.37,15.46
Cyprus,87.86,40.69,43.53,52.73
Syria,95.37,60.75,36.48,29.07
Grenada,110.88,25.17,80.69,3.23
Thailand,102.18,62.07,26.24,29.62
St Kitts and Nevis,66.00,89.17,57.24,7.07
Tahiti,177.08,32.00,5.61,0.00
Kazakhstan,101.14,75.80,24.80,10.71
Turkmenistan,121.26,67.32,0.00,18.62
Afghanistan,150.50,39.27,0.00,0.00
Barbados,143.26,11.60,33.00,0.00
India,119.22,30.44,10.26,17.34
Gambia,60.20,64.59,32.90,18.56
Philippines,95.36,51.41,19.37,6.80
St Lucia,141.24,21.63,5.50,0.00
Solomon Islands,128.21,37.31,0.00,0.00
Malta,92.14,54.84,13.37,5.29
Aruba,104.98,57.73,0.00,0.00
Palestine,86.00,62.93,6.76,5.02
Luxembourg,37.81,68.48,42.45,8.73
Tajikistan,55.73,72.70,7.74,17.34
Faroe Islands,0.00,93.75,17.27,40.29
Nicaragua,60.63,82.28,6.60,0.00
Myanmar,106.57,21.59,2.58,15.94
São Tomé e Príncipe,0.00,144.05,0.00,0.00
Liechtenstein,21.43,93.75,19.85,7.72
Bangladesh,81.70,46.23,0.00,15.22
Hong Kong,73.96,34.22,21.50,10.99
Bermuda,0.00,138.60,0.00,0.00
Maldives,87.55,31.41,0.00,17.00
Chad,0.00,113.77,18.97,0.00
Singapore,64.25,39.42,12.00,17.28
Malaysia,53.86,36.61,25.17,13.09
Dominica,66.00,0.00,52.67,5.10
Lesotho,57.46,51.77,0.00,12.00
Indonesia,44.29,33.64,35.25,7.74
Laos,73.46,32.25,12.45,0.00
Vanuatu,63.75,36.16,2.55,0.00
Yemen,20.84,19.78,25.88,34.94
Pakistan,60.20,24.13,0.00,12.75
Mauritania,91.85,0.00,2.58,0.00
Sri Lanka,64.50,16.30,0.00,11.40
Chinese Taipei,32.25,26.66,19.95,9.71
Fiji,42.50,42.50,0.00,0.00
Nepal,24.19,45.44,0.00,15.44
Samoa,0.00,74.38,0.00,0.00
Mongolia,21.50,45.15,0.00,5.10
Guam,51.96,12.83,0.00,1.70
Montserrat,66.00,0.00,0.00,0.00
Bahamas,0.00,66.00,0.00,0.00
Curaçao,0.00,42.68,19.11,2.89
Swaziland,34.40,17.94,0.00,10.60
Guinea-Bissau,0.00,16.28,46.75,0.00
Cambodia,0.00,32.25,20.64,5.10
Brunei Darussalam,51.60,0.00,0.00,0.00
Timor-Leste,51.60,0.00,0.00,0.00
Madagascar,0.00,40.98,7.74,0.00
Mauritius,34.40,13.44,0.00,0.00
Tonga,0.00,42.50,0.00,1.70
US Virgin Islands,0.00,39.11,0.00,0.00
Comoros,8.60,21.74,0.00,7.65
Papua New Guinea,21.25,17.00,0.00,0.00
British Virgin Islands,26.40,0.00,7.92,0.00
Cayman Islands,0.00,13.20,19.80,0.00
American Samoa,0.00,30.36,0.00,0.00
Eritrea,0.00,18.92,0.00,5.10
Macau,8.60,0.00,7.74,5.67
Seychelles,0.00,21.50,0.00,0.00
South Sudan,19.78,0.00,0.00,0.00
Kyrgyz Republic,0.00,12.90,0.00,5.70
Cook Islands,0.00,8.85,0.00,6.80
Somalia,0.00,13.98,0.00,0.00
Andorra,11.38,0.00,0.00,0.00
Djibouti,0.00,10.75,0.00,0.00
Anguilla,0.00,4.40,0.00,0.00
Bhutan,0.00,0.00,0.00,0.00
San Marino,0.00,0.00,0.00,0.00
Turks and Caicos Islands,0.00,0.00,0.00,0.00
