Team,Ranking1,Ranking2,Ranking3,Ranking4
Germany,1112.98,248.73,250.45,123.57
Argentina,1028.90,325.47,173.14,76.75
Netherlands,963.61,314.38,79.21,149.61
Colombia,879.92,396.40,145.99,72.76
Belgium,862.46,392.44,72.20,79.60
Uruguay,825.95,180.05,190.08,119.85
Spain,524.78,338.32,259.90,117.92
Brazil,730.75,318.55,114.25,77.20
Switzerland,739.37,296.76,129.77,52.39
France,773.40,180.61,154.89,102.93
Portugal,601.75,232.27,214.55,103.21
Chile,673.71,195.74,140.91,89.41
Greece,566.90,272.72,163.35,88.66
Italy,466.22,272.08,205.21,125.25
Costa Rica,690.14,216.87,67.48,48.55
Croatia,390.36,281.66,178.40,113.94
Mexico,496.70,222.59,127.67,94.84
USA,466.52,324.30,79.04,67.08
Bosnia and Herzegovina,402.43,322.11,119.40,81.04
England,411.37,175.45,210.75,117.62
Ecuador,395.82,293.70,182.31,38.42
Ukraine,531.31,240.99,92.82,35.50
Russia,392.36,247.99,172.47,85.99
Algeria,520.59,200.08,114.46,44.72
Côte d'Ivoire,353.50,246.70,142.67,96.87
Denmark,396.00,147.04,188.59,86.46
Romania,367.00,222.28,98.87,52.25
Scotland,428.42,156.63,107.27,46.01
Venezuela,373.70,202.24,81.16,66.56
Sweden,332.50,146.39,139.96,104.79
Serbia,408.40,173.40,75.27,66.16
Turkey,428.96,97.75,103.19,81.59
Nigeria,337.49,219.84,61.39,54.61
Hungary,246.50,194.94,144.90,69.63
Czech Republic,240.33,183.43,177.32,48.99
Ghana,246.69,236.29,110.55,54.89
Armenia,354.01,116.81,113.09,63.94
Egypt,417.78,108.85,79.96,38.58
Slovenia,361.22,132.75,84.02,64.65
Austria,322.82,172.92,87.88,40.17
Wales,271.44,155.06,185.91,10.13
Tunisia,312.96,143.51,106.12,54.00
Honduras,286.29,207.09,46.41,56.26
Japan,243.16,135.86,107.61,106.77
Slovakia,338.33,114.70,51.96,79.09
Iceland,331.45,194.17,39.86,7.79
Paraguay,278.81,121.54,101.55,62.00
IR Iran,255.56,151.00,93.95,62.56
Montenegro,159.05,230.78,39.73,123.40
Sierra Leone,280.04,89.56,108.92,54.70
Uzbekistan,230.05,158.17,92.31,47.31
Peru,117.79,258.26,56.35,89.61
Norway,133.79,188.71,81.41,108.02
Cameroon,235.02,158.50,69.79,43.99
Finland,245.90,158.93,69.72,27.56
Jordan,242.16,146.37,68.58,43.02
Korea Republic,192.95,109.49,113.04,83.79
Burkina Faso,205.72,212.38,17.06,57.56
Senegal,247.05,88.15,70.94,85.16
Mali,101.64,197.12,159.70,29.93
Poland,223.25,112.37,96.07,50.11
Libya,197.83,88.43,123.28,65.70
Panama,111.14,201.45,94.94,66.27
Guinea,184.90,147.83,79.03,58.85
United Arab Emirates,259.17,138.95,39.47,26.46
Republic of Ireland,116.39,128.29,124.02,79.66
Oman,257.73,94.81,67.00,27.78
Israel,181.18,165.03,18.75,73.65
South Africa,182.51,143.44,43.32,68.71
Albania,104.10,226.65,40.70,65.31
Bolivia,172.25,163.47,79.83,18.17
Bulgaria,133.37,209.49,32.19,53.92
Azerbaijan,263.52,67.02,52.91,29.83
Cape Verde Islands,35.35,233.82,75.47,65.95
Angola,219.09,75.83,79.46,33.38
FYR Macedonia,217.02,123.50,45.56,20.88
Benin,265.61,38.06,73.71,27.69
Congo,187.77,91.46,100.54,14.96
Australia,80.25,119.34,116.01,75.58
Trinidad and Tobago,153.05,122.53,70.35,37.94
Morocco,119.77,120.74,68.79,71.99
Uganda,150.70,135.91,56.41,37.74
Saudi Arabia,222.79,79.44,46.12,28.30
Zambia,84.28,108.85,141.17,40.76
Jamaica,121.96,118.27,50.25,82.17
Botswana,208.71,84.99,23.87,53.59
Togo,145.77,141.55,70.73,6.72
Palestine,271.62,44.02,29.14,18.15
Belarus,123.78,123.91,28.85,86.02
Zimbabwe,193.10,59.56,43.35,61.51
Iraq,178.88,57.84,85.45,35.31
Qatar,186.94,64.18,55.41,41.66
Estonia,122.91,72.87,111.98,36.69
Congo DR,121.51,132.36,60.27,30.01
Northern Ireland,198.39,78.71,0.00,64.18
Georgia,134.46,90.49,36.10,79.78
China PR,149.69,61.83,70.09,52.68
New Zealand,65.27,197.18,58.17,9.36
Moldova,200.24,69.63,19.05,36.50
Latvia,185.78,32.80,90.88,14.50
Rwanda,192.70,54.98,57.04,12.88
Gabon,98.04,94.56,106.02,12.80
Lithuania,164.75,70.31,16.67,54.33
Kenya,170.06,61.59,57.75,15.73
Lesotho,234.65,40.46,26.46,0.00
Malawi,161.43,37.50,52.61,43.84
Bahrain,151.92,66.44,53.28,17.69
Mozambique,133.77,80.96,44.51,29.73
Luxembourg,164.55,35.88,68.48,19.22
Tanzania,152.19,66.14,41.45,25.19
Kuwait,130.43,60.43,55.51,33.90
Ethiopia,92.28,97.08,60.48,25.42
Equatorial Guinea,78.69,96.54,78.62,15.89
Namibia,139.61,52.89,64.18,12.78
Lebanon,115.75,75.42,59.31,12.90
Sudan,131.95,46.85,38.57,45.84
Sudan,131.95,46.85,38.57,45.84
Haiti,0.00,133.22,91.63,37.59
Niger,78.95,75.68,57.31,49.20
Liberia,76.11,92.39,51.60,39.83
Tajikistan,94.13,92.36,17.49,48.27
Central African Republic,21.50,74.18,94.82,61.71
Canada,36.83,92.33,83.52,37.72
Guinea-Bissau,204.61,0.00,11.39,25.97
Cuba,26.10,155.81,5.98,44.85
Aruba,166.80,21.34,26.93,17.60
Dominican Republic,0.00,134.59,55.36,39.60
El Salvador,0.00,93.79,82.82,46.88
Philippines,108.30,63.29,35.15,14.20
Burundi,78.20,69.54,47.36,22.32
Afghanistan,102.63,75.25,26.88,12.36
Kazakhstan,129.57,35.53,24.56,23.58
Suriname,26.40,114.84,31.69,39.91
Mauritania,125.53,78.43,0.00,0.00
Guatemala,0.00,94.83,76.79,31.62
St Vincent and the Grenadines,73.22,70.84,41.09,17.38
New Caledonia,0.00,138.66,52.18,8.50
Turkmenistan,64.50,60.63,53.75,18.37
St Lucia,87.65,91.48,7.26,8.25
Vietnam,121.26,23.45,20.59,26.53
Cyprus,83.75,60.00,8.75,31.95
Chad,109.22,0.00,68.26,6.67
Grenada,37.84,89.50,23.38,30.81
Madagascar,147.06,0.00,16.13,15.41
Kyrgyz Republic,63.65,107.07,0.00,5.16
Maldives,97.81,43.77,24.66,7.90
Korea DPR,0.00,61.85,84.26,21.19
Syria,85.69,43.35,7.74,24.23
Gambia,92.88,0.00,32.14,31.73
Antigua and Barbuda,0.00,57.04,55.01,43.99
India,58.58,59.61,14.62,10.64
Malta,21.43,68.58,40.67,12.12
Singapore,69.52,40.85,8.14,21.83
Guyana,0.00,47.63,51.36,36.78
Indonesia,81.64,18.14,7.84,27.92
Puerto Rico,0.00,64.68,43.19,26.40
Malaysia,67.13,32.25,16.19,18.68
Thailand,15.82,53.65,34.08,22.40
Swaziland,97.44,13.57,8.60,4.95
St Kitts and Nevis,0.00,33.00,52.80,37.95
Myanmar,64.50,49.19,0.00,7.30
Hong Kong,25.80,53.43,27.95,10.64
Belize,0.00,41.27,50.82,25.12
Guam,64.25,24.73,12.86,0.00
Pakistan,43.00,38.97,8.51,9.77
Montserrat,66.00,33.00,0.00,0.00
Nepal,44.84,12.09,8.84,29.10
Liechtenstein,0.00,37.00,21.60,35.40
Dominica,25.14,33.00,0.00,35.11
Barbados,0.00,71.63,5.66,14.96
Bangladesh,18.06,40.85,2.58,25.19
Tahiti,0.00,18.77,57.43,8.84
Laos,39.56,33.90,0.00,10.91
Solomon Islands,0.00,43.03,31.94,8.50
Bermuda,0.00,0.00,83.16,0.00
Nicaragua,0.00,24.86,47.49,6.13
Comoros,64.16,4.30,0.00,9.78
São Tomé e Príncipe,0.00,0.00,72.02,0.00
Sri Lanka,25.80,32.25,7.74,5.63
Chinese Taipei,30.44,16.13,10.32,12.67
Seychelles,52.63,0.00,0.00,15.48
Turks and Caicos Islands,66.00,0.00,0.00,0.00
Curaçao,26.40,0.00,23.47,12.74
Faroe Islands,28.33,0.00,0.00,33.13
Yemen,28.67,0.00,16.25,14.55
South Sudan,36.98,0.00,5.93,0.00
Macau,34.00,3.58,0.00,3.69
Vanuatu,0.00,0.00,30.09,10.93
Mauritius,0.00,31.25,0.00,5.38
Fiji,0.00,0.00,25.50,5.10
Mongolia,0.00,10.75,0.00,18.06
US Virgin Islands,0.00,0.00,0.00,28.16
Samoa,0.00,0.00,27.89,0.00
Bahamas,0.00,0.00,0.00,26.40
Brunei Darussalam,0.00,25.80,0.00,0.00
Timor-Leste,0.00,25.80,0.00,0.00
Tonga,0.00,0.00,25.50,0.00
Cayman Islands,0.00,0.00,7.92,13.20
American Samoa,0.00,0.00,18.21,0.00
Andorra,11.00,0.00,4.55,0.00
Papua New Guinea,0.00,0.00,13.81,0.00
Cambodia,0.00,0.00,0.00,13.33
British Virgin Islands,0.00,0.00,7.92,5.28
Eritrea,0.00,0.00,11.35,0.00
Somalia,0.00,0.00,8.39,0.00
Djibouti,0.00,0.00,6.45,0.00
Cook Islands,0.00,0.00,5.31,0.00
Anguilla,0.00,0.00,0.00,1.47
Bhutan,0.00,0.00,0.00,0.00
San Marino,0.00,0.00,0.00,0.00
