Team,Ranking1,Ranking2,Ranking3,Ranking4
Germany,900.06,321.75,152.51,231.73
Brazil,924.44,345.13,163.38,156.74
Portugal,745.14,313.95,201.23,125.78
Argentina,489.38,464.12,167.18,204.60
Belgium,590.70,307.06,196.44,170.87
Poland,754.32,327.90,137.57,30.11
Switzerland,697.76,244.51,133.65,134.57
France,590.63,367.61,93.44,156.20
Chile,518.15,364.32,186.11,126.14
Colombia,525.70,353.93,136.59,174.60
Spain,629.00,275.54,179.57,99.59
Peru,658.53,298.72,105.05,40.30
Wales,480.50,281.85,246.93,79.56
Mexico,550.40,319.30,109.82,105.85
England,467.78,285.53,207.87,94.71
Uruguay,459.00,352.81,91.24,140.40
Italy,493.74,321.77,130.95,88.83
Croatia,457.26,290.71,151.56,77.82
Slovakia,534.29,172.51,186.47,73.64
Northern Ireland,539.58,207.20,151.60,46.80
Costa Rica,476.47,278.97,56.49,123.94
Iceland,516.43,183.31,163.62,68.13
Sweden,590.34,177.83,101.88,47.75
Ukraine,492.34,174.96,124.62,95.77
IR Iran,510.62,177.44,125.39,51.11
Denmark,523.27,115.41,127.51,82.04
Turkey,388.19,264.97,120.09,68.88
USA,419.00,224.55,95.38,88.95
Netherlands,372.96,159.44,92.57,193.99
Egypt,519.97,137.66,107.37,50.16
Tunisia,475.61,150.74,108.54,74.68
Serbia,494.24,161.51,67.60,65.93
Senegal,420.16,157.50,123.07,73.57
Republic of Ireland,374.20,248.73,102.72,43.44
Ecuador,316.04,279.29,86.05,85.98
Bosnia and Herzegovina,350.27,226.43,112.93,71.68
Montenegro,608.85,40.55,54.67,45.01
Bulgaria,512.33,133.65,37.59,55.26
Paraguay,389.32,221.30,89.73,37.91
Japan,446.97,147.32,96.24,46.00
Romania,317.18,121.58,184.10,91.32
Congo DR,408.03,155.04,102.41,43.14
Scotland,365.02,146.23,103.97,86.50
Nigeria,445.88,109.92,79.27,61.32
Cameroon,407.71,116.33,100.11,65.18
Bolivia,517.75,36.56,95.44,16.60
Greece,367.85,143.08,45.31,108.78
Haiti,485.78,94.85,83.48,0.00
Burkina Faso,432.70,131.58,43.19,55.62
Australia,341.51,183.69,116.59,20.02
Korea Republic,333.20,179.16,106.15,40.90
Ghana,324.43,117.53,149.95,54.41
Saudi Arabia,340.44,192.45,57.22,50.92
Côte d'Ivoire,259.97,149.74,143.02,84.45
Slovenia,395.31,85.44,113.11,41.67
Morocco,360.16,183.93,70.59,20.36
Austria,195.80,142.70,231.58,61.67
Czech Republic,231.10,143.39,169.01,86.42
Hungary,184.80,266.28,144.44,33.77
Panama,368.75,139.17,76.25,34.02
Jamaica,385.87,77.78,129.28,13.89
China PR,335.34,122.68,73.98,31.97
Algeria,178.15,144.29,132.63,108.78
Russia,224.65,138.14,122.05,73.29
Guinea,271.93,130.98,90.92,60.08
Albania,220.00,141.75,138.42,51.06
Cape Verde Islands,314.65,66.41,113.59,53.47
Venezuela,266.72,159.79,82.20,15.90
Uzbekistan,212.89,194.21,58.45,45.11
Cyprus,280.01,113.60,31.82,61.55
Uganda,236.43,138.11,71.53,40.25
United Arab Emirates,234.69,123.40,79.68,42.39
Norway,227.51,65.12,159.84,19.20
Honduras,287.34,110.76,31.43,37.59
Syria,304.69,83.62,63.81,12.90
Mali,185.58,166.45,80.42,31.22
Belarus,175.88,196.05,52.82,29.57
Zambia,256.48,83.43,87.79,20.01
Gabon,258.40,38.11,94.71,38.67
South Africa,161.21,148.54,72.98,40.70
Libya,197.11,157.96,33.71,33.69
Israel,244.72,0.00,126.04,49.48
Armenia,270.33,59.98,36.49,47.03
Estonia,272.07,40.76,60.90,39.58
Qatar,205.39,104.98,59.64,35.78
Curaçao,244.91,108.38,27.34,24.32
Finland,213.51,66.17,84.89,39.82
Benin,157.74,159.83,36.98,45.95
Kenya,213.47,129.84,28.35,28.51
Iraq,252.03,46.89,65.19,35.78
Palestine,231.20,87.20,26.72,43.93
Azerbaijan,258.75,41.73,49.84,37.88
Faroe Islands,204.36,59.65,113.60,6.80
Guinea-Bissau,130.05,185.94,24.38,40.92
Congo,67.91,139.80,101.29,68.72
Canada,198.13,92.19,61.04,16.92
Sierra Leone,190.06,118.72,26.85,29.95
Mauritania,188.06,72.40,81.60,22.97
El Salvador,246.65,26.03,45.49,43.10
Trinidad and Tobago,114.78,103.59,113.71,29.11
Luxembourg,242.22,53.79,26.27,20.97
Madagascar,192.38,68.48,52.79,29.41
FYR Macedonia,247.67,45.21,24.98,10.21
Georgia,203.91,50.80,53.18,19.95
Zimbabwe,163.00,83.19,45.39,34.07
Niger,179.35,76.34,47.40,22.12
India,216.75,70.23,20.04,9.05
Mozambique,114.08,112.26,52.40,30.06
Nicaragua,130.96,80.81,95.08,0.00
Jordan,121.06,106.69,37.11,39.76
Suriname,260.10,33.15,0.00,9.53
Oman,134.21,76.81,36.34,45.10
New Zealand,126.06,146.91,8.26,7.28
St Kitts and Nevis,47.44,155.12,52.46,30.77
Lebanon,172.67,64.77,19.02,23.55
Malawi,95.93,85.85,53.88,41.86
Antigua and Barbuda,79.05,87.34,60.79,48.45
Rwanda,99.59,73.97,54.33,45.55
Bahrain,128.99,70.18,38.79,34.92
Lithuania,108.19,76.20,43.02,38.95
Togo,113.35,65.92,83.83,0.00
Kyrgyz Republic,107.81,106.86,33.02,12.73
Philippines,110.93,89.07,37.08,21.92
Korea DPR,109.69,99.72,49.08,0.00
Tanzania,125.03,76.59,23.68,30.44
Kazakhstan,51.98,153.55,24.15,24.17
Central African Republic,91.80,103.42,51.64,4.30
Yemen,137.70,86.59,16.75,6.13
Burundi,105.90,64.96,55.72,18.16
Vietnam,122.08,65.84,29.10,24.43
Guatemala,0.00,124.23,40.08,70.21
Namibia,77.78,84.73,40.77,29.34
Liberia,60.69,81.95,71.78,15.22
Sudan,90.10,25.55,89.25,23.09
Equatorial Guinea,9.69,90.84,108.15,15.74
Turkmenistan,70.83,117.48,20.27,12.90
Angola,98.52,39.46,59.80,21.22
Thailand,98.63,73.87,42.95,3.16
Swaziland,39.83,108.06,50.78,18.68
Tajikistan,115.72,68.00,16.63,13.15
Comoros,105.31,81.55,4.13,12.83
New Caledonia,143.08,53.13,0.00,0.00
Lesotho,91.28,46.51,17.97,37.03
Andorra,186.73,4.74,0.00,0.00
Ethiopia,61.91,66.89,58.73,3.64
Botswana,16.03,89.40,43.30,41.74
Hong Kong,83.53,66.44,36.93,1.42
Latvia,0.00,91.67,52.68,37.75
Tahiti,127.50,53.12,0.00,0.00
South Sudan,97.26,19.66,52.79,7.40
Chinese Taipei,126.46,30.55,12.10,6.09
Myanmar,79.20,49.98,16.46,26.39
Chad,0.00,146.63,0.00,21.84
Maldives,85.00,48.88,0.00,21.87
Solomon Islands,116.24,37.19,0.00,0.00
Guyana,0.00,108.38,35.75,4.25
Moldova,71.27,12.38,24.75,39.21
Afghanistan,54.19,52.74,20.95,18.92
Grenada,67.15,42.50,19.94,11.82
Dominican Republic,0.00,90.14,37.29,12.75
Mauritius,43.58,59.78,32.20,0.00
Singapore,43.15,44.63,25.90,19.89
Puerto Rico,8.50,91.22,22.90,9.18
Gambia,70.89,29.93,30.24,0.00
Papua New Guinea,54.19,76.10,0.00,0.00
Laos,78.63,25.71,13.47,7.91
Malaysia,47.29,50.47,14.37,13.43
Belize,43.11,0.00,74.59,0.00
Indonesia,69.05,12.75,18.72,15.05
Barbados,34.00,31.88,43.29,5.87
Dominica,51.00,31.88,22.92,5.65
Cambodia,55.25,36.70,17.73,0.00
St Vincent and the Grenadines,34.00,0.00,40.15,33.05
Bhutan,63.75,5.90,31.88,0.00
Nepal,68.00,24.29,8.93,0.00
São Tomé e Príncipe,0.00,98.28,0.00,0.00
Fiji,46.04,33.65,15.30,0.00
St Lucia,42.50,0.00,21.82,29.55
Aruba,0.00,0.00,58.14,33.36
Cuba,0.00,31.88,50.75,5.22
Kuwait,0.00,12.75,42.07,20.14
Macau,47.81,8.50,8.98,6.80
Bermuda,25.50,0.00,46.17,0.00
Kosovo,0.00,67.37,0.00,0.00
Djibouti,63.75,0.00,0.00,0.00
Brunei Darussalam,42.50,0.00,19.13,0.00
Liechtenstein,11.39,0.00,44.22,0.00
Vanuatu,0.00,51.35,0.00,0.00
Guam,0.00,0.00,37.33,12.85
Seychelles,7.08,17.71,10.47,13.02
Malta,0.00,9.41,29.35,5.00
Timor-Leste,6.07,9.30,24.79,0.00
Samoa,0.00,0.00,38.25,0.00
American Samoa,0.00,0.00,38.25,0.00
Cook Islands,0.00,0.00,38.25,0.00
Bangladesh,0.00,17.71,15.36,1.72
Mongolia,25.50,4.25,0.00,0.00
Sri Lanka,8.50,12.75,2.55,5.10
US Virgin Islands,0.00,0.00,26.39,0.00
Pakistan,0.00,0.00,15.25,5.16
Montserrat,0.00,0.00,6.38,13.20
Turks and Caicos Islands,0.00,0.00,0.00,13.20
Cayman Islands,0.00,0.00,12.75,0.00
San Marino,0.00,0.00,10.40,0.00
British Virgin Islands,0.00,0.00,6.38,0.00
Anguilla,0.00,0.00,0.00,0.00
Bahamas,0.00,0.00,0.00,0.00
Eritrea,0.00,0.00,0.00,0.00
Gibraltar,0.00,0.00,0.00,0.00
Somalia,0.00,0.00,0.00,0.00
Tonga,0.00,0.00,0.00,0.00
