Team,Ranking1,Ranking2,Ranking3,Ranking4
Germany,863.86,376.34,143.60,218.11
Brazil,720.93,428.18,175.41,159.21
Portugal,744.16,308.92,190.76,114.05
Argentina,510.42,451.62,198.80,187.52
Belgium,626.00,300.00,229.48,169.81
Spain,657.78,253.96,235.01,84.08
Poland,639.96,351.13,130.62,91.16
Switzerland,637.56,301.08,147.06,104.73
France,524.56,431.45,87.23,140.06
Chile,459.09,353.89,235.08,104.84
Peru,654.93,319.26,113.17,40.77
Denmark,784.52,144.99,93.21,76.11
Colombia,445.71,349.93,137.95,161.19
Italy,516.96,298.90,132.73,103.90
Croatia,523.51,284.25,148.01,92.00
England,479.31,284.28,178.73,104.66
Mexico,520.74,291.12,131.72,90.37
Iceland,586.71,241.07,104.35,84.85
Sweden,659.74,151.28,138.74,46.69
Wales,405.94,305.07,186.90,86.65
Netherlands,502.07,181.10,92.47,176.86
Uruguay,337.05,310.10,159.69,117.17
Tunisia,530.04,226.84,51.61,105.69
USA,498.63,203.45,108.15,61.20
Costa Rica,393.52,265.06,69.79,139.35
Northern Ireland,457.90,168.49,153.02,87.51
Senegal,414.49,274.82,68.97,97.04
Slovakia,372.92,193.58,122.71,127.71
Austria,410.57,102.51,192.59,109.74
Paraguay,467.50,183.59,131.88,29.13
Republic of Ireland,349.86,223.60,174.95,49.66
Scotland,552.19,98.23,74.28,73.06
IR Iran,405.04,234.07,82.73,68.42
Serbia,486.88,164.54,88.82,44.10
Ukraine,402.44,181.81,116.14,80.87
Australia,426.07,180.29,76.06,54.48
Romania,376.42,95.59,139.57,125.10
Turkey,297.89,181.70,202.13,53.56
Congo DR,336.51,233.62,70.04,88.24
Bulgaria,470.88,129.94,67.89,50.18
Bosnia and Herzegovina,288.27,183.53,152.03,69.34
Morocco,362.80,226.25,73.58,29.81
Egypt,270.62,286.89,80.85,44.53
Montenegro,408.38,184.28,35.08,53.67
Greece,368.16,170.31,75.50,65.69
Czech Republic,330.00,117.07,110.48,119.32
Bolivia,499.69,69.79,86.69,17.77
Venezuela,381.64,184.81,69.66,19.90
Hungary,199.79,183.37,188.50,58.36
Jamaica,388.45,80.10,112.18,46.63
Cameroon,224.64,252.36,65.82,64.85
Nigeria,266.33,216.47,52.86,70.33
Panama,311.24,169.72,88.12,34.51
Ghana,250.56,177.10,66.99,101.51
Japan,268.99,179.07,79.08,65.40
Norway,350.74,71.63,103.41,50.79
Burkina Faso,207.13,273.38,37.45,48.52
Korea Republic,201.76,200.54,84.74,68.71
Albania,233.86,119.82,120.16,78.78
Algeria,238.85,128.66,75.32,109.30
Russia,228.71,85.31,150.28,69.22
Cape Verde Islands,314.65,26.56,118.79,72.43
Slovenia,251.63,148.49,75.57,53.27
Saudi Arabia,219.26,162.36,115.37,24.52
Honduras,265.17,193.98,38.85,18.03
Finland,341.33,17.77,110.91,39.66
Ecuador,50.36,201.31,178.22,78.41
China PR,300.71,106.66,47.70,49.00
Mali,203.43,182.58,58.31,58.92
Guinea,234.54,108.80,61.92,79.44
Côte d'Ivoire,140.50,150.39,85.58,99.29
Uzbekistan,178.08,162.30,71.76,40.50
Palestine,309.28,45.73,66.19,28.29
FYR Macedonia,386.10,12.44,24.63,22.48
Syria,259.07,110.09,62.64,10.20
Zambia,240.93,75.51,60.88,60.46
South Africa,189.79,118.36,61.44,65.39
Uganda,192.08,106.48,81.35,51.56
United Arab Emirates,183.25,128.42,70.04,49.09
Trinidad and Tobago,207.61,62.32,96.31,63.96
Benin,155.72,155.55,77.90,38.29
Lebanon,310.25,41.60,34.45,22.85
Luxembourg,295.96,52.38,38.16,20.97
Curaçao,164.23,182.22,41.01,19.04
Iraq,253.64,45.85,61.28,45.16
Haiti,131.75,138.03,88.89,44.41
Estonia,247.90,48.24,63.31,39.27
Congo,148.23,82.21,75.53,84.05
El Salvador,243.34,61.05,54.35,29.74
Canada,226.94,59.65,78.75,22.39
Armenia,215.43,127.78,22.03,17.38
Cyprus,214.88,30.94,75.36,52.29
Belarus,129.22,111.13,104.07,27.84
Guinea-Bissau,135.15,160.19,31.47,40.92
Gabon,160.46,87.82,40.78,76.41
Faroe Islands,129.94,114.68,64.97,54.05
Sierra Leone,190.06,110.59,34.96,24.10
Israel,60.11,159.02,36.17,99.88
Libya,167.64,108.38,56.64,5.93
Georgia,196.76,68.62,52.68,16.63
Oman,205.63,50.79,48.21,29.20
India,215.81,85.68,29.91,1.72
Qatar,116.99,99.42,87.72,28.32
Mauritania,145.24,81.24,55.63,36.82
Zimbabwe,155.32,102.37,42.67,17.15
Kenya,121.64,112.65,61.42,21.32
Mozambique,139.07,80.18,45.85,48.69
Madagascar,182.36,38.25,59.47,29.41
Namibia,127.24,108.00,37.56,32.45
St Kitts and Nevis,64.18,150.58,50.99,37.66
Niger,179.35,49.09,52.69,22.24
Vietnam,180.98,56.24,36.34,24.53
Turkmenistan,184.52,31.88,62.40,12.90
Rwanda,89.97,66.94,50.43,75.91
Kyrgyz Republic,148.75,46.20,74.04,13.39
Jordan,141.91,48.68,70.32,20.58
Nicaragua,118.20,73.72,86.83,0.00
Sudan,162.89,40.89,37.29,34.64
Azerbaijan,92.61,118.61,55.41,8.52
Korea DPR,114.02,62.16,85.07,7.58
New Zealand,125.16,114.66,19.07,8.43
Central African Republic,91.80,108.59,60.95,4.30
Philippines,126.44,70.03,44.86,21.57
Malawi,86.79,81.81,44.96,46.15
Tajikistan,147.76,67.76,26.65,13.15
Bahrain,131.11,56.42,34.09,32.51
Guatemala,0.00,136.29,48.04,60.18
Togo,68.38,92.40,28.53,51.43
Thailand,100.06,55.74,60.31,20.27
Comoros,124.76,71.33,25.69,12.83
Swaziland,39.83,104.42,68.06,15.92
Latvia,68.06,64.29,54.07,39.02
Liberia,60.69,86.06,61.76,15.22
Chinese Taipei,148.75,56.31,16.73,1.47
Ethiopia,56.31,98.39,35.09,31.21
Kazakhstan,41.37,109.87,50.84,18.02
Andorra,210.07,4.74,0.00,0.00
Equatorial Guinea,25.50,36.72,53.73,96.92
Yemen,112.86,63.75,24.80,10.21
Antigua and Barbuda,0.00,90.62,65.66,53.18
Angola,115.18,14.90,36.52,40.22
Myanmar,133.61,25.09,23.33,20.68
Burundi,84.11,42.71,49.11,24.39
Hong Kong,85.51,38.58,56.33,8.56
Lesotho,89.21,50.62,19.67,28.87
Tanzania,103.38,7.14,34.97,36.97
Lithuania,20.63,88.63,28.22,41.48
Afghanistan,93.77,37.40,28.23,17.03
Botswana,26.07,51.43,62.07,32.75
Maldives,53.13,62.23,15.03,30.62
Solomon Islands,114.11,38.25,0.00,0.00
Tahiti,63.75,85.00,0.00,0.00
Barbados,49.58,31.88,38.09,28.73
South Sudan,73.36,0.00,66.94,7.40
New Caledonia,92.08,53.60,0.00,0.00
Vanuatu,86.02,44.63,10.20,0.00
Mauritius,36.88,66.39,30.35,0.00
Papua New Guinea,65.03,60.88,0.00,0.00
Grenada,50.36,42.50,19.94,11.82
Indonesia,62.39,38.21,7.65,13.01
Suriname,0.00,116.57,0.00,4.25
Dominican Republic,0.00,90.14,0.00,30.42
Gambia,70.89,19.98,28.66,0.00
Guyana,0.00,77.41,32.84,6.19
Nepal,56.67,42.50,14.87,0.00
Moldova,51.48,27.60,10.15,22.70
Puerto Rico,8.50,70.95,22.90,9.18
Fiji,56.18,36.13,17.85,0.00
Chad,0.00,0.00,87.98,21.84
Dominica,51.00,31.88,22.92,3.54
St Vincent and the Grenadines,34.00,0.00,28.68,41.13
Cambodia,39.84,37.19,17.36,8.50
Singapore,32.64,18.83,39.21,11.28
Kuwait,36.04,0.00,47.32,16.36
Malaysia,22.42,39.49,23.18,13.98
St Lucia,42.50,0.00,32.72,23.33
Kosovo,30.12,67.37,0.00,0.00
Belize,0.00,21.55,74.59,0.00
São Tomé e Príncipe,0.00,59.29,35.19,0.00
Aruba,0.00,0.00,58.14,33.36
Cuba,0.00,31.88,30.05,26.31
Liechtenstein,45.20,0.00,12.62,28.29
Laos,21.25,43.35,7.94,9.77
Bermuda,25.50,0.00,46.17,0.00
Malta,28.29,8.23,17.72,11.63
Macau,21.25,29.22,6.38,8.53
Djibouti,63.75,0.00,0.00,0.00
Bhutan,0.00,42.50,14.71,0.00
Mongolia,0.00,17.00,38.25,0.00
Brunei Darussalam,0.00,21.25,19.13,5.10
Timor-Leste,41.82,1.93,0.00,0.00
Seychelles,7.08,22.77,8.38,5.10
Guam,0.00,0.00,31.66,10.96
American Samoa,0.00,0.00,38.25,0.00
Cook Islands,0.00,0.00,38.25,0.00
Samoa,0.00,0.00,38.25,0.00
Bangladesh,0.00,7.59,11.99,13.62
US Virgin Islands,0.00,0.00,26.39,0.00
Montserrat,0.00,0.00,6.38,13.20
Sri Lanka,0.00,4.25,5.46,6.80
Turks and Caicos Islands,0.00,0.00,0.00,13.20
Cayman Islands,0.00,0.00,12.75,0.00
Pakistan,0.00,0.00,6.38,5.92
San Marino,0.00,0.00,0.00,11.09
British Virgin Islands,0.00,0.00,6.38,0.00
Anguilla,0.00,0.00,0.00,0.00
Bahamas,0.00,0.00,0.00,0.00
Eritrea,0.00,0.00,0.00,0.00
Gibraltar,0.00,0.00,0.00,0.00
Somalia,0.00,0.00,0.00,0.00
Tonga,0.00,0.00,0.00,0.00
