Team,Ranking1,Ranking2,Ranking3,Ranking4
Germany,863.86,376.34,143.60,225.21
Brazil,720.93,428.18,175.41,164.76
Portugal,744.16,308.92,190.76,116.61
Argentina,510.42,451.62,198.80,198.53
Belgium,626.00,300.00,229.48,181.21
Poland,639.96,351.13,130.62,106.35
Spain,657.78,253.96,235.01,81.25
Switzerland,637.56,301.08,147.06,110.91
France,524.56,431.45,87.23,141.92
Chile,459.09,353.89,235.08,112.90
Peru,654.93,319.26,113.17,40.77
Denmark,784.52,144.99,93.21,85.62
Colombia,445.71,349.93,137.95,172.23
Italy,516.96,298.90,132.73,113.35
Croatia,523.51,284.25,148.01,96.83
England,479.31,284.28,178.73,104.39
Mexico,520.74,291.12,131.72,94.62
Iceland,586.71,241.07,104.35,94.28
Sweden,659.74,151.28,138.74,51.88
Wales,405.94,305.07,186.90,85.73
Netherlands,502.07,181.10,92.47,187.91
Uruguay,337.05,310.10,159.69,124.32
Tunisia,530.04,226.84,51.61,111.48
Northern Ireland,457.90,168.49,153.02,99.50
USA,498.63,203.45,108.15,65.28
Costa Rica,393.52,265.06,69.79,143.52
Senegal,414.49,274.82,68.97,103.66
Austria,410.57,102.51,192.59,119.90
Slovakia,372.92,193.58,122.71,132.87
Paraguay,467.50,183.59,131.88,33.30
Republic of Ireland,349.86,223.60,174.95,55.18
Scotland,552.19,98.23,74.28,72.24
IR Iran,405.04,234.07,82.73,70.05
Serbia,486.88,164.54,88.82,39.64
Ukraine,402.44,181.81,116.14,77.35
Romania,376.42,95.59,139.57,137.34
Australia,426.07,180.29,76.06,57.88
Turkey,297.89,181.70,202.13,47.85
Congo DR,336.51,233.62,70.04,88.24
Bulgaria,470.88,129.94,67.89,46.05
Bosnia and Herzegovina,288.27,183.53,152.03,76.27
Morocco,362.80,226.25,73.58,31.11
Czech Republic,330.00,117.07,110.48,132.36
Egypt,270.62,296.91,81.64,37.33
Greece,368.16,170.31,75.50,71.17
Montenegro,408.38,184.28,35.08,47.46
Bolivia,499.69,69.79,86.69,17.77
Venezuela,381.64,184.81,69.66,23.22
Jamaica,392.47,87.77,112.18,51.01
Hungary,199.79,183.37,188.50,65.65
Cameroon,224.64,252.36,65.82,68.67
Nigeria,266.33,216.47,52.86,73.34
Panama,311.24,171.81,87.56,34.51
Ghana,250.56,177.10,66.99,107.49
Japan,268.99,179.07,79.08,65.93
Burkina Faso,207.13,294.41,33.71,52.15
Norway,350.74,71.63,103.41,52.67
Albania,233.86,119.82,120.16,83.46
Korea Republic,201.76,200.54,84.74,66.58
Algeria,238.85,128.66,75.32,110.10
Cape Verde Islands,314.65,26.56,118.79,78.82
Slovenia,251.63,148.49,75.57,60.89
Russia,228.71,85.31,150.28,66.49
Honduras,282.85,181.86,38.85,13.34
Ecuador,50.36,201.31,178.22,78.04
China PR,300.71,106.66,47.70,52.50
Mali,203.43,182.58,58.31,61.91
Finland,341.33,17.77,110.91,32.92
Saudi Arabia,194.21,162.36,115.37,21.85
Guinea,234.54,108.80,61.92,79.07
Côte d'Ivoire,140.50,150.39,85.58,102.49
Uzbekistan,178.08,162.30,71.76,39.21
Palestine,309.28,45.73,66.19,28.29
Syria,259.07,110.09,62.64,10.20
FYR Macedonia,386.10,12.44,24.63,18.06
South Africa,189.79,118.36,61.44,70.42
Zambia,240.93,75.51,60.88,60.51
Uganda,192.08,106.48,81.35,55.25
Trinidad and Tobago,207.61,62.32,96.31,63.96
United Arab Emirates,183.25,128.42,70.04,48.44
Benin,155.72,155.55,77.90,38.29
Curaçao,164.23,182.22,41.01,19.04
Luxembourg,295.96,52.38,38.16,18.73
Iraq,259.46,45.85,61.28,38.46
Haiti,131.75,138.03,88.89,44.41
Estonia,247.90,48.24,63.31,39.27
El Salvador,243.34,68.68,48.64,29.74
Lebanon,310.25,41.60,34.45,4.01
Congo,148.23,82.21,75.53,84.05
Canada,226.94,59.65,78.75,22.39
Armenia,215.43,127.78,22.03,19.55
Cyprus,214.88,30.94,75.36,57.17
Belarus,129.22,111.13,104.07,31.32
Israel,60.11,159.02,36.17,119.86
Gabon,160.46,87.82,40.78,81.88
Guinea-Bissau,135.15,160.19,31.47,40.92
Faroe Islands,129.94,114.68,64.97,54.05
Sierra Leone,190.06,110.59,34.96,24.10
India,215.81,85.68,24.44,12.75
Libya,167.64,108.38,56.64,5.93
Qatar,124.30,92.79,87.72,27.57
Georgia,196.76,68.62,52.68,13.95
Oman,205.63,50.79,48.21,26.68
Mauritania,145.24,81.24,55.63,40.21
Kenya,121.64,112.65,61.42,21.32
Mozambique,139.07,80.18,45.85,51.48
St Kitts and Nevis,64.18,165.05,49.40,37.66
Zimbabwe,155.32,102.37,42.67,11.81
Madagascar,182.36,38.25,59.47,29.41
Niger,179.35,49.09,52.69,23.95
Namibia,127.24,108.00,37.56,29.56
Rwanda,89.97,66.94,50.43,88.48
Vietnam,180.98,56.24,36.34,19.22
Turkmenistan,184.52,31.88,62.40,12.90
Kyrgyz Republic,148.75,46.20,74.04,13.39
Nicaragua,118.20,77.14,81.28,0.00
Sudan,162.89,40.89,37.29,34.64
Jordan,141.91,48.68,70.32,14.59
Korea DPR,114.02,62.16,85.07,8.42
New Zealand,125.16,114.66,19.07,8.43
Central African Republic,91.80,108.59,60.95,4.30
Philippines,126.44,70.03,44.86,23.49
Malawi,86.79,81.81,44.96,50.34
Tajikistan,147.76,67.76,26.65,13.15
Bahrain,131.11,56.42,34.09,31.51
Guatemala,0.00,136.29,48.04,60.18
Azerbaijan,60.11,123.22,55.41,3.92
Togo,68.38,92.40,28.53,51.43
Thailand,100.06,55.74,60.31,22.12
Andorra,218.86,13.43,0.00,0.00
Latvia,68.06,64.29,54.07,44.59
Comoros,124.76,71.33,25.69,8.08
Swaziland,39.83,104.42,68.06,14.23
Chinese Taipei,148.75,56.31,19.13,1.26
Liberia,60.69,86.06,61.76,15.22
Kazakhstan,41.37,109.87,54.26,17.53
Ethiopia,56.31,98.39,35.09,31.21
Equatorial Guinea,25.50,36.72,53.73,96.92
Antigua and Barbuda,0.00,90.62,71.15,50.10
Yemen,112.86,63.75,16.93,17.29
Angola,115.18,14.90,36.52,43.48
Myanmar,133.61,25.09,23.33,20.68
Burundi,74.47,56.84,49.11,22.12
Lesotho,89.21,50.62,19.67,33.34
Hong Kong,85.51,38.58,56.33,9.79
Tanzania,103.38,7.14,34.97,40.39
Lithuania,20.63,88.63,28.22,44.49
Afghanistan,93.77,37.40,28.23,17.03
Botswana,26.07,51.43,62.07,33.32
Maldives,53.13,62.23,15.03,30.62
Solomon Islands,114.11,38.25,0.00,0.00
Barbados,49.58,31.88,35.49,34.14
Tahiti,63.75,85.00,0.00,0.00
South Sudan,73.36,0.00,66.94,7.40
New Caledonia,92.08,53.60,0.00,0.00
Vanuatu,86.02,44.63,10.20,0.00
Suriname,0.00,136.00,0.00,4.25
Mauritius,36.88,66.39,30.35,0.00
Guyana,0.00,79.69,40.49,6.19
Papua New Guinea,65.03,60.88,0.00,0.00
Grenada,50.36,42.50,23.33,9.66
Indonesia,62.39,38.21,7.65,14.32
Dominican Republic,0.00,90.14,0.00,30.42
Gambia,70.89,19.98,28.66,0.00
Nepal,56.67,42.50,16.73,0.00
Dominica,51.00,31.88,26.19,3.04
Puerto Rico,8.50,70.95,22.90,9.18
Fiji,56.18,36.13,17.85,0.00
Chad,0.00,0.00,87.98,21.84
Moldova,47.19,27.60,9.15,20.71
Singapore,32.64,18.83,39.21,12.41
Cambodia,39.84,37.19,11.77,14.03
St Lucia,42.50,0.00,32.72,26.25
Kuwait,36.04,0.00,47.32,17.38
St Vincent and the Grenadines,34.00,0.00,32.93,33.09
Kosovo,30.12,67.37,0.00,0.00
Belize,0.00,21.55,74.59,0.00
Malaysia,22.42,39.49,23.18,10.21
São Tomé e Príncipe,0.00,59.29,35.19,0.00
Aruba,0.00,0.00,58.14,33.36
Liechtenstein,45.20,0.00,12.62,33.00
Cuba,0.00,31.88,30.05,26.31
Laos,21.25,43.35,7.94,9.77
Bermuda,25.50,0.00,45.37,6.80
Malta,28.29,8.23,17.72,13.96
Macau,21.25,29.22,6.38,8.53
Djibouti,63.75,0.00,0.00,0.00
Bhutan,0.00,42.50,7.97,12.75
Mongolia,0.00,17.00,19.13,12.75
Timor-Leste,41.82,1.93,0.00,0.00
Seychelles,7.08,22.77,8.38,5.10
Guam,0.00,0.00,31.66,10.96
Brunei Darussalam,0.00,21.25,0.00,17.85
American Samoa,0.00,0.00,38.25,0.00
Cook Islands,0.00,0.00,38.25,0.00
Samoa,0.00,0.00,38.25,0.00
Bangladesh,0.00,7.59,11.99,11.90
US Virgin Islands,0.00,0.00,26.39,0.00
Montserrat,0.00,0.00,6.38,13.20
Sri Lanka,0.00,4.25,6.38,5.67
Turks and Caicos Islands,0.00,0.00,0.00,13.20
Cayman Islands,0.00,0.00,12.75,0.00
Pakistan,0.00,0.00,6.38,5.92
San Marino,0.00,0.00,0.00,11.09
British Virgin Islands,0.00,0.00,6.38,0.00
Anguilla,0.00,0.00,0.00,0.00
Bahamas,0.00,0.00,0.00,0.00
Eritrea,0.00,0.00,0.00,0.00
Gibraltar,0.00,0.00,0.00,0.00
Somalia,0.00,0.00,0.00,0.00
Tonga,0.00,0.00,0.00,0.00
