Team,Ranking1,Ranking2,Ranking3,Ranking4
Argentina,928.24,278.63,306.90,131.98
Belgium,614.12,327.39,256.30,171.55
Germany,643.50,254.18,347.60,101.42
Colombia,707.86,227.65,261.91,125.82
Brazil,690.26,272.29,235.11,125.10
Chile,686.44,310.18,189.21,98.05
Portugal,627.91,335.39,188.67,75.88
France,735.21,155.73,234.30,63.05
Uruguay,705.62,152.06,210.59,104.82
Wales,563.69,411.56,119.34,65.93
Spain,551.09,299.28,149.39,140.90
England,571.07,346.45,142.07,70.74
Italy,643.53,218.25,133.25,128.51
Croatia,581.42,252.60,116.72,108.32
Mexico,638.60,183.03,158.78,76.71
Switzerland,489.02,222.76,201.85,106.43
Poland,655.80,229.28,45.17,53.31
Costa Rica,557.93,94.16,185.91,104.86
Ecuador,558.57,143.42,128.96,86.03
Hungary,532.56,240.74,50.66,88.85
Turkey,529.94,200.15,103.33,51.89
USA,449.10,158.97,133.42,132.55
Bosnia and Herzegovina,452.86,188.22,107.53,114.81
Netherlands,318.88,154.29,290.99,96.58
Peru,533.16,175.09,60.45,72.51
Austria,285.39,385.96,92.51,75.45
Iceland,366.62,272.71,102.20,87.28
Slovakia,345.02,310.78,110.46,54.02
Ukraine,349.92,207.70,143.65,98.13
Northern Ireland,414.40,252.66,70.20,60.54
Republic of Ireland,497.46,171.20,65.17,39.86
Romania,243.17,306.84,136.99,85.53
Czech Republic,286.77,281.69,129.63,64.15
Côte d'Ivoire,299.48,238.36,126.68,87.29
Algeria,288.58,221.05,163.17,76.02
Paraguay,442.60,149.55,56.87,70.87
IR Iran,354.88,208.98,76.67,71.60
Russia,276.29,203.42,109.94,95.56
Senegal,315.00,205.11,110.36,53.70
Albania,283.49,230.70,76.59,86.95
Sweden,355.66,169.81,71.63,80.26
Tunisia,301.49,180.90,112.02,68.02
Ghana,235.07,249.92,81.62,91.46
Scotland,292.46,173.29,129.74,56.43
Australia,367.37,194.32,30.02,51.49
Denmark,230.82,212.52,123.06,70.41
Korea Republic,358.31,176.91,61.35,37.54
Greece,286.17,75.52,163.18,97.59
Uzbekistan,388.41,97.41,67.66,67.65
Serbia,323.02,112.67,98.89,67.68
Congo DR,310.08,170.69,64.71,43.46
Saudi Arabia,384.89,95.36,76.39,31.78
Egypt,275.32,178.96,75.25,57.84
Congo,279.61,168.82,103.07,33.35
Mali,332.91,134.03,46.83,66.12
Japan,294.64,160.40,69.00,49.93
Belarus,392.10,88.03,44.35,48.25
Morocco,367.86,117.65,30.54,53.89
Cameroon,232.66,166.86,97.77,68.14
Venezuela,319.58,137.00,23.85,81.36
Guinea,261.95,151.53,90.13,45.63
South Africa,297.08,121.64,61.05,59.60
Panama,278.34,127.08,51.03,82.24
Nigeria,219.84,132.12,91.98,89.78
Uganda,276.22,119.21,60.37,53.21
United Arab Emirates,246.80,132.80,63.58,60.52
Slovenia,170.89,188.51,62.51,80.01
Burkina Faso,263.15,71.98,83.43,83.20
Trinidad and Tobago,207.19,189.52,43.66,50.05
Norway,130.23,266.39,28.81,61.98
Benin,319.66,61.63,68.92,33.02
Cape Verde Islands,132.81,189.32,80.20,72.50
Guinea-Bissau,371.88,40.63,61.38,0.00
Bulgaria,267.30,62.65,82.89,57.33
Bolivia,218.13,159.07,24.90,65.97
Libya,315.92,56.19,50.53,43.60
St Kitts and Nevis,310.23,87.43,46.16,13.20
China PR,245.37,123.30,47.95,28.69
Guatemala,248.46,66.81,105.32,22.36
Jamaica,155.56,215.47,20.84,37.76
Equatorial Guinea,181.69,180.25,23.61,38.61
Honduras,221.52,52.38,56.39,90.84
Kazakhstan,307.11,40.24,36.25,27.83
Finland,132.33,141.49,59.73,75.48
Qatar,209.95,99.39,53.66,26.40
Jordan,213.37,61.85,59.64,51.67
Cyprus,227.21,53.04,92.32,11.63
New Zealand,293.82,13.77,10.92,63.47
Antigua and Barbuda,174.68,101.32,72.68,31.94
Mozambique,224.53,87.34,45.09,23.62
Kenya,259.68,47.25,42.77,28.66
Zambia,166.87,146.31,30.01,33.73
Haiti,189.70,139.13,0.00,43.34
Sierra Leone,237.43,44.76,44.93,44.67
Latvia,183.34,87.80,56.62,29.52
Mauritania,144.81,136.00,34.45,33.25
Botswana,178.79,72.16,62.61,34.18
Israel,0.00,210.07,74.21,62.17
Malawi,171.70,89.81,62.79,17.54
Togo,131.84,139.72,0.00,62.67
Swaziland,216.11,84.63,28.01,5.43
Nicaragua,161.62,158.46,0.00,9.94
Liberia,163.89,119.64,22.83,22.39
Canada,184.37,101.73,25.38,17.17
Chad,293.25,0.00,32.77,0.00
Montenegro,81.11,91.11,67.51,86.13
Rwanda,147.93,90.56,68.32,18.61
Gabon,76.23,157.85,58.00,31.98
Kyrgyz Republic,213.71,55.04,19.10,35.69
Oman,153.61,60.56,67.65,41.18
Faroe Islands,119.30,189.34,10.20,0.00
Armenia,119.96,60.81,70.54,65.56
Zimbabwe,166.37,75.65,51.11,22.37
Dominican Republic,180.29,62.16,19.13,53.83
Syria,167.24,106.34,19.35,22.04
Turkmenistan,234.96,33.79,19.35,24.25
Lithuania,152.40,71.70,58.43,28.19
Palestine,174.39,44.53,65.90,17.61
Korea DPR,199.45,81.80,0.00,20.44
Guyana,216.75,59.59,6.38,18.86
Namibia,169.45,67.96,44.01,19.53
Central African Republic,206.83,86.06,6.45,0.00
Niger,152.67,79.00,33.18,34.14
Curaçao,216.75,45.57,36.48,0.00
Philippines,178.15,61.81,32.87,23.70
Ethiopia,133.78,97.88,5.46,46.86
Bahrain,140.36,64.65,52.38,26.57
Iraq,93.77,108.65,53.66,23.13
Burundi,129.92,92.86,27.24,27.81
Estonia,81.51,101.51,59.37,31.16
Madagascar,136.97,87.98,44.12,0.00
Tanzania,153.18,39.47,45.66,25.38
Azerbaijan,83.46,83.07,56.83,28.78
Angola,78.92,99.66,31.84,36.34
Sudan,51.11,148.75,34.64,11.06
Thailand,147.73,71.59,4.75,21.46
Georgia,101.60,88.64,29.93,19.36
Puerto Rico,182.45,38.17,13.77,0.00
Cuba,63.75,84.58,7.83,72.71
El Salvador,52.06,75.82,64.64,35.61
Vietnam,131.68,48.49,36.65,7.74
Hong Kong,132.88,61.55,2.12,23.95
Lebanon,129.55,31.71,35.33,21.06
Tajikistan,136.00,27.71,19.72,31.48
Luxembourg,107.58,43.78,31.45,30.09
FYR Macedonia,90.42,41.64,15.31,63.88
Yemen,173.19,27.91,9.19,0.00
India,140.46,33.39,13.57,17.20
Afghanistan,105.48,34.91,28.38,32.01
Lesotho,93.01,29.95,55.54,21.39
São Tomé e Príncipe,196.56,0.00,0.00,0.00
Comoros,163.09,6.89,19.25,1.72
Myanmar,99.96,24.16,39.59,20.60
Mauritius,119.57,53.67,0.00,10.71
Singapore,89.25,43.16,29.84,14.19
Grenada,85.00,33.24,17.73,35.80
Barbados,63.75,72.15,8.80,26.40
Malaysia,100.94,23.95,20.14,12.90
Kuwait,25.50,70.11,30.20,29.75
Aruba,0.00,96.90,50.04,8.54
Moldova,24.75,41.25,58.82,29.26
Papua New Guinea,152.20,0.00,0.00,0.00
New Caledonia,106.25,0.00,0.00,45.90
St Vincent and the Grenadines,0.00,66.92,49.57,31.02
Maldives,97.75,0.00,32.80,16.08
Belize,0.00,124.31,0.00,16.51
South Sudan,39.31,87.98,11.09,0.00
Kosovo,134.74,0.00,0.00,0.00
Gambia,59.85,50.40,0.00,18.58
Dominica,63.75,38.20,8.47,13.20
St Lucia,0.00,36.36,44.32,36.59
Tahiti,106.25,0.00,0.00,9.65
Cambodia,73.41,29.55,0.00,0.00
Vanuatu,102.71,0.00,0.00,0.00
Suriname,66.30,0.00,14.30,19.54
Malta,18.81,48.92,7.50,24.10
Laos,51.43,22.45,11.87,13.56
Chinese Taipei,61.09,20.16,9.13,6.45
Fiji,67.29,25.50,0.00,0.00
Guam,0.00,62.22,19.28,9.89
Indonesia,25.50,31.21,22.58,10.02
Liechtenstein,0.00,73.70,0.00,11.80
Timor-Leste,18.59,51.09,0.00,10.32
Bermuda,0.00,76.96,0.00,0.00
Bangladesh,35.42,25.61,2.58,11.40
Solomon Islands,74.38,0.00,0.00,0.00
Nepal,48.57,14.88,0.00,10.32
Seychelles,35.42,17.45,19.53,0.00
Bhutan,11.81,53.13,0.00,0.00
Samoa,0.00,63.75,0.00,0.00
American Samoa,0.00,63.75,0.00,0.00
Cook Islands,0.00,63.75,0.00,0.00
Sri Lanka,25.50,4.25,7.65,15.05
Pakistan,0.00,25.42,7.74,13.26
US Virgin Islands,0.00,43.99,0.00,0.00
Macau,17.00,14.96,10.20,1.43
Brunei Darussalam,0.00,22.77,0.00,10.32
Montserrat,0.00,10.63,19.80,0.00
Cayman Islands,0.00,21.25,0.00,0.00
Turks and Caicos Islands,0.00,0.00,19.80,0.00
San Marino,0.00,17.33,0.00,0.00
Mongolia,8.50,0.00,0.00,4.30
Andorra,9.48,0.00,0.00,1.93
British Virgin Islands,0.00,10.63,0.00,0.00
Anguilla,0.00,0.00,0.00,0.00
Bahamas,0.00,0.00,0.00,0.00
Djibouti,0.00,0.00,0.00,0.00
Eritrea,0.00,0.00,0.00,0.00
Gibraltar,0.00,0.00,0.00,0.00
Somalia,0.00,0.00,0.00,0.00
Tonga,0.00,0.00,0.00,0.00
