Team,Ranking1,Ranking2,Ranking3,Ranking4
Spain,699.69,415.36,183.12,208.86
Germany,566.83,382.93,182.37,185.38
Argentina,590.90,366.88,127.69,165.54
Colombia,632.31,397.14,134.05,36.90
Portugal,611.29,286.83,168.32,106.04
Uruguay,625.97,151.68,217.84,136.36
Italy,538.69,316.82,185.84,79.06
Switzerland,621.89,277.45,134.33,79.74
Netherlands,527.71,214.27,146.30,217.66
Brazil,668.33,170.61,125.36,137.92
Belgium,652.93,271.08,118.68,55.61
Greece,546.70,265.33,142.57,99.98
England,455.04,279.38,169.59,137.12
USA,654.09,207.22,85.66,71.75
Chile,627.18,138.66,143.37,95.51
Croatia,430.28,262.77,170.50,107.17
Côte d'Ivoire,436.22,274.74,131.37,70.04
Ukraine,625.82,161.29,59.91,59.98
Bosnia and Herzegovina,505.17,184.53,160.05,48.94
France,435.22,240.64,145.90,71.40
Mexico,408.43,275.46,143.70,64.33
Russia,335.38,302.11,140.62,91.94
Ecuador,365.92,349.54,101.22,35.06
Ghana,443.79,199.74,86.40,121.53
Denmark,418.15,147.29,188.64,76.53
Sweden,347.00,210.47,161.33,73.85
Algeria,404.20,225.49,117.65,44.49
Czech Republic,370.50,205.83,122.94,66.80
Slovenia,476.15,92.66,92.92,100.06
Serbia,440.63,127.55,107.91,75.92
Egypt,468.13,109.51,67.02,103.67
Costa Rica,511.01,131.46,71.24,29.75
Romania,390.56,213.36,98.14,31.64
IR Iran,445.05,114.04,103.37,64.05
Cape Verde Islands,469.18,104.30,95.82,57.12
Panama,421.03,142.58,108.14,50.11
Scotland,471.33,92.78,108.33,44.13
Armenia,468.56,68.96,110.34,68.12
Venezuela,446.14,116.57,116.23,36.14
Mali,302.20,288.12,67.58,44.98
Nigeria,418.93,137.08,70.28,74.24
Peru,385.46,123.05,141.83,47.18
Honduras,439.39,131.93,88.86,31.52
Tunisia,407.50,156.16,64.15,61.44
Turkey,349.77,132.80,122.90,71.59
Hungary,289.42,208.72,106.01,63.94
Austria,414.48,125.06,47.69,61.24
Japan,208.37,198.40,150.66,83.13
Iceland,426.00,120.75,60.13,16.89
Cameroon,388.52,123.33,68.24,36.31
Paraguay,264.59,151.23,109.58,81.26
Montenegro,209.19,223.71,45.41,115.70
Korea Republic,226.44,154.06,125.98,74.87
South Africa,355.32,67.62,81.90,71.50
Wales,346.28,77.14,142.29,8.30
Albania,299.25,147.38,61.53,63.28
Australia,237.59,123.49,132.89,77.44
Burkina Faso,379.81,80.61,46.37,59.32
Norway,155.77,187.57,93.23,121.80
Slovakia,269.15,127.92,61.32,98.33
Guinea,292.03,141.04,49.26,72.24
Libya,229.08,182.75,75.61,64.46
Israel,332.89,70.81,119.53,24.86
United Arab Emirates,372.94,116.08,23.65,35.25
Uzbekistan,271.29,148.76,81.61,43.99
Finland,337.35,112.09,64.13,24.96
Republic of Ireland,221.86,89.25,159.01,57.53
Senegal,282.37,71.05,114.87,57.27
Bolivia,239.03,238.21,35.15,6.56
Zambia,146.77,261.45,69.54,41.11
Togo,310.73,128.57,55.91,13.64
Jordan,303.77,76.10,73.27,51.11
Saudi Arabia,359.66,42.26,56.76,27.93
Morocco,247.29,106.24,93.75,38.82
Bulgaria,218.48,192.75,45.36,29.45
Sierra Leone,198.23,134.88,102.13,28.64
Poland,179.50,155.11,91.27,35.51
Trinidad and Tobago,197.15,133.74,78.00,32.48
Oman,278.95,75.27,65.39,20.55
Haiti,107.54,215.88,78.54,37.59
Congo DR,256.79,115.26,49.32,18.11
Jamaica,150.70,136.38,88.15,63.73
Belarus,161.49,123.78,55.56,90.14
FYR Macedonia,212.70,137.07,39.12,35.91
Congo,223.35,145.19,37.63,14.96
Gabon,172.91,187.23,29.30,31.57
Uganda,201.16,120.73,57.29,34.09
El Salvador,210.44,62.63,99.36,22.73
Angola,151.30,132.93,72.67,27.06
Northern Ireland,220.19,74.86,33.53,52.29
New Zealand,185.39,129.06,6.36,57.68
China PR,162.33,90.02,71.26,52.66
Estonia,139.85,69.72,111.32,45.44
Azerbaijan,219.01,59.65,40.49,43.86
Ethiopia,192.80,104.69,37.54,26.20
Moldova,231.60,64.31,15.75,47.31
Botswana,200.45,35.08,34.15,84.66
Liberia,201.50,80.52,64.44,7.48
Benin,165.12,133.48,7.10,29.58
Cuba,110.88,126.94,11.09,84.68
Qatar,160.27,81.02,50.42,41.52
Georgia,63.21,124.68,73.67,68.06
Lithuania,186.75,49.64,36.84,53.05
Niger,101.48,98.74,57.20,60.09
Zimbabwe,127.63,95.41,66.39,22.50
Kuwait,170.36,44.88,63.13,32.41
Central African Republic,0.00,221.27,35.75,52.63
Equatorial Guinea,67.94,200.27,40.85,0.00
Kenya,181.46,65.67,42.92,14.44
Bahrain,180.20,49.13,53.18,16.27
Canada,49.02,139.09,78.82,23.61
Guatemala,65.36,108.81,89.91,22.28
Tajikistan,157.38,66.94,45.04,15.93
Dominican Republic,78.67,125.71,64.09,13.20
Iraq,77.69,81.59,86.06,35.02
Latvia,131.91,51.72,70.03,18.09
Malawi,122.12,62.83,47.30,32.51
Tanzania,136.42,69.05,35.41,20.22
Sudan,104.15,85.02,36.27,32.62
Sudan,104.15,85.02,36.27,32.62
Mozambique,112.66,73.91,49.08,20.44
New Caledonia,79.05,141.31,26.94,1.70
Luxembourg,150.45,29.66,48.38,14.80
Lebanon,101.25,55.17,79.28,0.00
Burundi,68.23,103.91,42.41,15.32
Cyprus,121.79,56.43,23.35,27.89
Namibia,97.78,70.92,53.09,6.80
Philippines,127.47,54.95,24.79,11.47
Kazakhstan,113.89,44.14,46.90,11.07
Myanmar,150.50,32.90,12.95,7.45
Malta,108.45,55.07,31.03,3.83
Rwanda,70.12,57.81,66.49,3.58
Suriname,26.40,95.70,34.86,39.91
Turkmenistan,64.50,84.93,27.55,18.22
Grenada,68.11,55.44,16.27,53.79
Syria,74.98,52.99,31.90,28.58
Korea DPR,16.51,105.30,48.20,17.71
Hong Kong,128.08,27.95,15.00,13.95
Lesotho,121.82,31.51,30.93,0.00
Gambia,92.88,30.10,38.76,21.93
Afghanistan,160.06,0.00,23.56,0.00
Tahiti,67.58,88.54,19.20,3.74
Palestine,93.17,46.36,29.73,4.51
Vietnam,39.56,35.80,81.66,9.02
Antigua and Barbuda,0.00,48.04,73.54,42.00
Mauritania,113.41,45.92,0.00,1.72
St Lucia,68.11,70.62,12.98,3.67
Kyrgyz Republic,146.86,0.00,7.74,0.00
Thailand,45.15,48.19,43.88,15.31
Singapore,88.37,32.69,25.65,4.80
St Kitts and Nevis,0.00,62.04,49.30,38.16
Guyana,0.00,35.30,74.03,39.43
Belize,82.54,0.00,59.55,4.36
Laos,96.75,19.11,18.28,9.63
Malaysia,70.34,28.27,25.09,18.89
St Vincent and the Grenadines,0.00,89.96,34.23,17.98
Liechtenstein,59.00,10.71,61.88,9.88
India,94.10,17.15,22.56,7.46
Puerto Rico,0.00,52.31,62.48,26.40
Nicaragua,49.72,51.39,36.27,0.00
São Tomé e Príncipe,0.00,98.47,27.35,0.00
Indonesia,55.37,24.61,22.20,21.54
Guam,98.90,16.72,7.70,0.00
Maldives,60.31,42.02,17.51,0.00
Chad,0.00,65.79,35.37,14.46
Bangladesh,73.96,8.60,27.74,5.30
Barbados,0.00,71.63,6.96,22.00
Chinese Taipei,51.94,13.44,19.23,10.78
Dominica,26.40,33.00,0.00,35.11
Sri Lanka,75.25,0.00,9.78,5.10
Aruba,0.00,52.49,34.64,0.00
Faroe Islands,18.89,0.00,56.25,11.51
Solomon Islands,0.00,64.10,22.39,0.00
Nepal,46.82,6.14,33.11,0.00
Pakistan,71.12,0.00,14.48,0.00
Bermuda,0.00,0.00,83.16,0.00
Seychelles,52.63,0.00,14.51,0.00
Mauritius,40.59,17.20,8.06,0.00
Curaçao,26.40,0.00,25.61,12.74
Vanuatu,0.00,31.88,20.88,0.00
Yemen,0.00,11.29,11.87,26.71
Mongolia,21.50,0.00,27.09,0.00
Fiji,0.00,21.25,25.50,0.00
Samoa,0.00,0.00,44.63,0.00
Guinea-Bissau,0.00,0.00,19.94,21.67
Bahamas,0.00,0.00,39.60,0.00
Swaziland,10.32,17.20,9.87,0.00
Madagascar,0.00,0.00,28.10,5.16
Montserrat,0.00,33.00,0.00,0.00
Cambodia,0.00,0.00,19.35,8.60
Brunei Darussalam,0.00,25.80,0.00,0.00
Timor-Leste,0.00,25.80,0.00,0.00
Tonga,0.00,0.00,25.50,0.00
US Virgin Islands,0.00,0.00,23.47,0.00
Cayman Islands,0.00,0.00,7.92,13.20
Papua New Guinea,0.00,10.63,10.20,0.00
British Virgin Islands,0.00,13.20,0.00,5.28
American Samoa,0.00,0.00,18.21,0.00
Comoros,0.00,4.30,13.04,0.00
Andorra,11.00,5.69,0.00,0.00
Eritrea,0.00,0.00,11.35,0.00
South Sudan,0.00,9.89,0.00,0.00
Macau,0.00,4.30,5.53,0.00
Somalia,0.00,0.00,8.39,0.00
Djibouti,0.00,0.00,6.45,0.00
Cook Islands,0.00,0.00,5.31,0.00
Anguilla,0.00,0.00,2.64,0.00
Bhutan,0.00,0.00,0.00,0.00
San Marino,0.00,0.00,0.00,0.00
Turks and Caicos Islands,0.00,0.00,0.00,0.00
