Team,Ranking1,Ranking2,Ranking3,Ranking4
Germany,875.81,382.88,164.76,207.60
Brazil,908.98,387.01,162.66,159.98
Portugal,803.48,278.89,231.53,132.48
Argentina,616.38,467.12,171.35,189.85
Belgium,645.98,313.42,217.52,155.63
Poland,789.59,339.22,121.51,72.52
France,579.15,409.01,88.45,149.68
Spain,651.02,272.45,215.43,79.04
Chile,513.98,324.94,226.26,107.96
Peru,705.03,316.58,96.55,41.78
Switzerland,615.16,263.64,158.82,96.87
England,564.80,258.31,214.11,78.48
Colombia,413.20,373.34,150.28,158.06
Wales,499.60,290.13,207.69,75.04
Italy,530.37,286.13,154.56,94.60
Mexico,550.66,285.47,121.76,101.71
Uruguay,453.50,314.48,141.41,124.52
Croatia,486.75,288.85,127.34,109.87
Denmark,701.47,115.41,116.00,68.51
Netherlands,478.94,191.00,89.23,172.05
Iceland,471.88,240.67,110.03,97.19
Costa Rica,441.96,302.67,51.58,117.49
Northern Ireland,498.33,160.38,143.02,87.51
Slovakia,435.91,198.50,125.83,124.57
Sweden,529.45,197.32,103.71,41.60
Republic of Ireland,466.27,226.19,126.45,47.49
USA,452.77,231.15,91.06,67.53
Tunisia,473.78,180.41,87.37,92.72
Scotland,552.19,112.26,94.41,61.71
Egypt,502.55,165.02,72.23,78.64
Ukraine,436.96,187.85,95.44,98.02
Senegal,422.28,194.59,124.34,73.36
Turkey,372.24,184.09,193.23,57.08
IR Iran,364.13,257.77,113.75,48.60
Congo DR,439.38,156.68,94.67,60.72
Paraguay,382.50,222.03,121.50,24.25
Bulgaria,547.33,83.27,64.04,55.26
Serbia,444.38,166.15,96.97,40.63
Austria,323.40,104.00,213.26,104.42
Bosnia and Herzegovina,353.06,165.17,156.37,69.34
Nigeria,457.03,129.95,77.79,56.14
Cameroon,435.56,127.29,83.30,71.42
Australia,378.35,195.19,123.07,17.52
Japan,403.24,155.35,102.82,49.92
Romania,321.31,111.27,177.61,95.04
Czech Republic,357.02,92.75,155.37,93.66
Greece,365.06,149.02,75.50,92.00
Morocco,404.44,182.32,69.50,23.49
Panama,411.66,147.87,71.76,38.27
Bolivia,522.00,55.42,78.57,7.52
Venezuela,433.47,159.79,69.55,0.00
Ghana,337.39,121.51,137.42,55.00
Hungary,186.45,263.19,146.17,45.97
Montenegro,357.33,184.28,50.03,48.54
Burkina Faso,415.45,144.91,40.33,38.41
Haiti,427.48,94.85,85.32,19.81
China PR,409.85,110.42,68.93,36.94
Norway,394.58,65.12,121.72,38.37
Jamaica,375.34,101.54,129.28,8.24
Ecuador,139.29,251.21,145.24,71.78
Côte d'Ivoire,209.13,169.27,145.89,75.78
Korea Republic,259.89,175.04,113.02,40.50
Saudi Arabia,277.60,190.78,72.69,35.38
Cape Verde Islands,314.65,56.92,120.24,76.67
Russia,256.25,89.02,146.18,71.19
Guinea,271.93,121.55,96.14,61.90
Algeria,150.91,156.79,110.45,121.39
Slovenia,244.89,150.07,61.38,68.06
Honduras,339.67,116.63,32.48,21.39
Uganda,250.01,130.82,85.83,36.41
Albania,178.75,123.49,109.00,86.78
United Arab Emirates,241.56,129.38,82.63,34.23
Mali,211.44,156.57,83.90,35.85
Finland,311.14,17.77,98.59,45.63
South Africa,208.39,145.64,61.63,57.04
Uzbekistan,173.78,189.98,67.95,38.41
Syria,269.38,112.08,55.82,12.90
Zambia,256.48,83.43,79.49,30.63
Benin,176.59,186.47,36.98,38.29
Iraq,262.30,60.79,60.29,45.41
Estonia,272.07,56.22,60.90,39.58
Israel,194.60,77.22,80.10,68.18
Trinidad and Tobago,141.87,118.23,87.80,70.62
Palestine,269.94,82.31,25.22,40.24
FYR Macedonia,339.24,31.19,14.12,25.69
Cyprus,280.01,0.00,80.51,48.63
Libya,197.11,142.16,33.71,33.69
Guinea-Bissau,130.05,200.81,31.47,40.92
Curaçao,164.23,182.22,30.76,24.32
Armenia,293.22,59.98,18.88,19.55
Belarus,163.51,109.58,98.41,19.77
Gabon,211.72,47.29,70.01,55.13
Luxembourg,247.45,73.45,26.27,20.97
Congo,67.91,127.05,110.59,61.36
Faroe Islands,111.38,137.61,113.60,0.00
Canada,190.68,89.10,64.47,16.92
El Salvador,248.20,26.03,52.49,33.52
Qatar,160.44,92.47,65.89,41.28
Sierra Leone,190.06,110.59,26.22,30.99
Lebanon,252.31,50.15,30.17,19.62
Mauritania,188.06,55.85,79.05,23.43
Kenya,139.29,140.57,39.37,25.92
Madagascar,192.38,48.76,61.10,29.41
Zimbabwe,163.00,83.19,51.96,30.79
India,216.75,84.28,17.53,9.05
Niger,179.35,61.24,60.72,22.54
Georgia,161.16,71.28,53.18,19.95
St Kitts and Nevis,47.44,155.12,63.11,37.66
Nicaragua,130.96,84.29,87.69,0.00
Oman,170.85,42.82,47.96,38.78
Mozambique,124.45,102.06,32.47,40.25
Yemen,170.43,103.91,15.46,7.15
Jordan,123.53,60.60,60.56,36.80
Turkmenistan,123.96,83.94,58.52,12.90
Azerbaijan,86.43,127.89,49.84,8.61
Philippines,137.32,76.50,35.08,23.46
Malawi,91.91,81.81,63.30,33.49
Rwanda,94.01,73.97,54.33,45.55
Central African Republic,91.80,108.59,60.95,4.30
Kyrgyz Republic,98.09,95.26,58.52,12.73
Vietnam,139.28,66.44,30.36,24.71
New Zealand,123.96,119.64,8.26,4.62
Tajikistan,151.30,73.68,16.79,13.15
Togo,73.82,82.45,34.64,61.71
Bahrain,113.57,60.62,41.81,35.19
Suriname,155.55,85.43,0.00,9.53
Comoros,120.79,87.48,16.19,12.83
Guatemala,0.00,131.94,42.26,60.18
Latvia,75.63,64.29,54.07,39.02
Namibia,77.78,81.14,44.60,29.34
Burundi,105.90,41.36,67.12,18.16
Korea DPR,100.63,80.60,51.16,0.00
Kazakhstan,36.20,128.19,45.75,20.60
Equatorial Guinea,25.50,81.33,108.15,15.74
Liberia,60.69,71.72,82.34,15.22
Tanzania,120.56,44.12,29.71,32.71
Antigua and Barbuda,0.00,105.72,57.77,63.33
Thailand,122.93,51.23,47.84,3.16
Angola,99.62,39.71,47.65,35.80
Swaziland,39.83,104.11,59.47,16.01
Sudan,108.12,25.55,44.75,39.26
Hong Kong,100.92,62.90,42.08,4.93
Chinese Taipei,127.88,55.49,16.35,0.00
Andorra,186.73,4.74,0.00,0.00
Lithuania,17.68,99.71,27.95,44.42
Lesotho,91.28,45.40,18.01,34.12
Botswana,20.40,81.77,51.05,32.17
Tahiti,127.50,53.12,0.00,0.00
Chad,0.00,125.59,30.22,21.84
New Caledonia,120.70,56.16,0.00,0.00
Ethiopia,53.06,60.33,43.76,18.32
Solomon Islands,145.30,27.89,0.00,0.00
South Sudan,97.26,0.00,66.94,7.40
Afghanistan,72.78,60.14,16.29,18.92
Myanmar,79.77,42.55,17.93,26.17
Maldives,63.75,44.78,13.66,21.87
Grenada,67.15,42.50,19.94,11.82
Mauritius,39.95,66.39,30.35,0.00
Papua New Guinea,54.19,76.10,0.00,0.00
Barbados,34.00,31.88,35.27,27.03
Belize,50.29,0.00,74.59,0.00
Laos,68.00,31.03,8.37,15.09
Dominican Republic,0.00,90.14,0.00,30.42
Gambia,70.89,19.98,28.66,0.00
Guyana,0.00,77.41,35.75,4.25
Indonesia,70.62,17.77,15.47,13.26
Moldova,71.27,12.38,10.15,18.64
Puerto Rico,8.50,70.95,22.90,9.18
Dominica,51.00,31.88,22.92,5.65
Malaysia,43.44,35.45,18.88,12.48
Cambodia,44.13,40.87,17.36,7.29
St Vincent and the Grenadines,34.00,0.00,34.41,35.90
Singapore,39.88,14.88,37.05,8.54
St Lucia,42.50,0.00,32.72,21.49
Fiji,46.04,33.65,15.30,0.00
São Tomé e Príncipe,0.00,59.29,35.19,0.00
Nepal,60.44,24.29,8.93,0.00
Aruba,0.00,0.00,58.14,33.36
Cuba,0.00,26.56,50.75,5.22
Macau,56.67,8.50,6.38,8.53
Bermuda,25.50,0.00,46.17,0.00
Malta,24.75,9.41,29.35,5.00
Kosovo,0.00,67.37,0.00,0.00
Brunei Darussalam,28.33,12.75,19.13,5.10
Djibouti,63.75,0.00,0.00,0.00
Kuwait,0.00,0.00,36.11,22.32
Liechtenstein,11.39,0.00,31.27,11.10
Vanuatu,0.00,51.35,0.00,0.00
Seychelles,7.08,22.77,8.38,13.02
Bhutan,0.00,26.56,23.91,0.00
Guam,0.00,0.00,33.60,12.85
Timor-Leste,8.50,0.00,33.47,0.00
American Samoa,0.00,0.00,38.25,0.00
Cook Islands,0.00,0.00,38.25,0.00
Samoa,0.00,0.00,38.25,0.00
Bangladesh,0.00,17.71,13.97,1.72
Mongolia,25.50,4.25,0.00,0.00
Sri Lanka,8.50,10.63,2.55,5.10
US Virgin Islands,0.00,0.00,26.39,0.00
Montserrat,0.00,0.00,6.38,13.20
Pakistan,0.00,0.00,15.25,0.00
Turks and Caicos Islands,0.00,0.00,0.00,13.20
Cayman Islands,0.00,0.00,12.75,0.00
San Marino,0.00,0.00,10.40,0.00
British Virgin Islands,0.00,0.00,6.38,0.00
Anguilla,0.00,0.00,0.00,0.00
Bahamas,0.00,0.00,0.00,0.00
Eritrea,0.00,0.00,0.00,0.00
Gibraltar,0.00,0.00,0.00,0.00
Somalia,0.00,0.00,0.00,0.00
Tonga,0.00,0.00,0.00,0.00
