Team,Ranking1,Ranking2,Ranking3,Ranking4
Germany,1112.98,248.73,245.51,116.62
Argentina,1028.90,325.47,173.14,78.02
Netherlands,963.61,314.38,79.21,139.21
Colombia,879.92,396.40,145.99,69.47
Belgium,862.46,392.44,70.29,76.06
Uruguay,825.95,180.05,233.82,89.75
Brazil,730.75,318.55,105.46,85.75
Spain,524.78,338.32,244.62,120.91
Switzerland,739.37,296.76,123.55,56.25
France,773.40,180.61,148.34,99.78
Portugal,601.75,232.27,203.85,109.88
Chile,673.71,195.74,134.79,93.46
Greece,566.90,272.72,155.09,95.97
Italy,466.22,272.08,203.53,114.34
USA,554.94,292.14,76.93,64.64
Costa Rica,647.01,227.20,62.98,48.55
Croatia,390.36,281.66,168.53,114.06
Mexico,491.78,222.46,120.77,95.27
Bosnia and Herzegovina,402.43,322.11,113.65,79.20
England,411.37,175.45,210.75,113.75
Ecuador,395.82,293.70,176.26,35.57
Ukraine,531.31,240.99,86.19,39.10
Russia,392.36,247.99,171.08,85.11
Algeria,520.59,200.08,114.46,37.27
Côte d'Ivoire,360.07,249.30,142.54,98.55
Denmark,396.00,147.04,172.87,90.81
Scotland,428.42,156.63,114.00,35.27
Romania,367.00,222.28,93.97,49.75
Sweden,332.50,146.39,139.93,105.03
Venezuela,373.70,202.24,70.96,72.74
Serbia,408.40,173.40,69.00,66.16
Turkey,428.96,97.75,103.66,84.06
Panama,348.68,172.67,95.45,67.15
Nigeria,322.81,232.06,61.39,47.79
Czech Republic,240.33,183.43,164.66,58.05
Egypt,417.78,108.85,79.96,38.68
Slovenia,361.22,132.75,79.01,71.43
Hungary,246.50,194.94,135.68,65.32
Ghana,246.69,236.29,110.55,48.79
Honduras,333.13,195.33,53.82,54.48
Armenia,354.01,116.81,100.53,63.94
Tunisia,312.96,143.51,105.39,58.93
Austria,322.82,172.92,78.12,40.17
Wales,271.44,155.06,162.68,16.35
Japan,253.41,132.91,109.57,108.28
Slovakia,338.33,114.70,60.54,74.77
Iceland,331.45,194.17,34.88,9.47
Paraguay,278.81,121.54,103.88,61.28
IR Iran,255.56,151.00,94.38,62.03
Montenegro,159.05,230.78,34.76,133.97
Guinea,273.65,139.61,75.45,66.10
Uzbekistan,230.05,157.61,93.13,41.86
Norway,133.79,188.71,88.57,109.04
Cameroon,224.15,176.66,69.79,49.18
Finland,245.90,158.93,73.19,29.96
Korea Republic,174.25,133.56,102.77,90.06
Jordan,247.49,136.43,73.60,42.44
Burkina Faso,189.89,224.88,15.75,64.49
Peru,68.42,258.26,74.89,85.26
Mali,93.17,213.55,146.39,29.93
Poland,223.25,112.37,98.40,43.51
Senegal,216.17,102.84,65.03,91.95
Libya,183.70,98.26,123.28,65.70
Sierra Leone,216.29,89.56,108.92,54.70
United Arab Emirates,259.17,138.95,44.13,23.82
South Africa,174.80,153.58,51.45,69.75
Albania,104.10,226.65,53.10,60.58
Israel,181.18,165.03,16.07,81.83
Oman,257.73,94.81,68.05,22.09
Republic of Ireland,116.39,128.29,118.46,76.72
Bolivia,172.25,163.47,71.85,21.81
Bulgaria,133.37,209.49,28.16,53.92
Azerbaijan,263.52,67.02,47.62,32.21
FYR Macedonia,217.02,123.50,49.40,16.54
Cape Verde Islands,35.35,233.82,75.47,56.53
Australia,72.12,140.09,112.16,72.30
Zambia,107.40,113.04,132.86,42.63
Saudi Arabia,222.79,79.44,55.36,26.05
Morocco,119.77,120.74,72.15,64.69
Angola,187.79,81.67,75.70,31.77
Belarus,123.78,123.91,42.34,85.81
Congo,176.14,83.14,100.54,14.96
Jamaica,121.96,118.27,46.38,86.84
Trinidad and Tobago,133.92,129.74,70.35,34.98
Palestine,271.62,44.02,28.84,17.20
Qatar,200.07,64.18,55.71,41.12
Uganda,126.22,138.34,56.41,36.87
Togo,145.77,141.55,66.29,3.80
Northern Ireland,198.39,78.71,28.29,50.98
Iraq,178.88,57.84,85.68,33.38
Benin,218.01,38.06,73.71,24.65
Estonia,122.91,72.87,103.37,45.47
Gabon,126.68,94.22,100.88,21.87
China PR,169.60,45.98,78.87,47.53
Kenya,207.64,61.59,53.63,16.63
Congo DR,106.32,145.60,55.97,30.01
Georgia,134.46,90.49,30.94,82.00
Zimbabwe,168.29,69.85,47.55,48.50
Botswana,159.85,88.55,27.17,56.81
Niger,160.48,64.03,51.51,55.91
New Zealand,65.27,197.18,58.17,9.36
Moldova,200.24,69.63,16.93,38.50
Latvia,185.78,32.80,80.78,14.50
Lithuania,164.75,70.31,31.01,45.67
Bahrain,151.92,66.44,51.46,17.94
Tanzania,149.64,71.23,41.45,24.59
Kuwait,130.43,60.43,58.38,31.89
Luxembourg,164.55,35.88,58.69,19.22
Rwanda,159.18,46.93,57.04,12.88
Ethiopia,83.89,102.80,60.48,25.42
Equatorial Guinea,78.69,96.54,78.62,15.89
Namibia,136.31,50.83,64.18,12.78
Haiti,0.00,133.22,91.63,37.59
Mozambique,99.76,82.29,44.51,30.20
Sudan,124.06,47.89,38.57,45.84
Sudan,124.06,47.89,38.57,45.84
Liberia,76.11,92.39,48.92,38.70
Central African Republic,21.50,74.18,82.96,74.05
Canada,36.83,92.33,83.52,37.72
Lebanon,115.75,75.42,58.02,0.00
Cuba,26.10,167.79,5.98,44.85
Malawi,100.10,37.50,52.61,44.02
El Salvador,0.00,103.03,86.41,44.17
Aruba,166.80,21.34,26.93,17.60
Tajikistan,68.63,92.36,50.54,20.07
Dominican Republic,0.00,134.59,55.36,39.60
Burundi,80.41,71.67,47.36,22.32
Kazakhstan,129.57,35.53,24.84,29.65
Philippines,108.30,63.29,30.76,15.78
Afghanistan,102.63,75.25,26.88,12.36
Vietnam,121.26,23.45,52.95,19.02
Lesotho,140.67,43.57,28.81,0.00
Suriname,26.40,114.84,31.69,39.91
Mauritania,160.20,45.92,0.00,1.72
Guatemala,0.00,89.25,82.69,31.62
St Vincent and the Grenadines,73.22,70.84,41.09,17.38
New Caledonia,0.00,138.66,52.18,8.50
Guinea-Bissau,161.68,0.00,11.39,25.97
St Lucia,87.65,91.48,7.26,8.25
Cyprus,83.75,60.00,22.29,27.08
Turkmenistan,64.50,60.63,45.80,12.52
Chad,109.22,0.00,68.26,5.71
Grenada,37.84,89.50,23.38,30.81
Madagascar,147.06,0.00,16.13,15.41
Kyrgyz Republic,63.65,107.07,0.00,5.16
Maldives,97.81,43.77,18.16,11.61
Syria,85.69,43.35,11.87,27.92
Korea DPR,0.00,61.85,79.86,21.38
Gambia,92.88,0.00,31.56,36.48
Antigua and Barbuda,0.00,57.04,55.01,39.59
Malta,21.43,68.58,48.02,7.80
Malaysia,75.52,32.25,17.40,19.28
India,58.58,59.61,16.35,9.52
Indonesia,79.73,18.14,19.60,23.50
Singapore,69.52,40.85,18.68,10.69
Guyana,0.00,47.63,51.36,36.78
Puerto Rico,0.00,64.68,43.19,26.40
Thailand,15.82,53.65,39.15,19.61
St Kitts and Nevis,0.00,33.00,52.80,37.95
Swaziland,97.44,13.57,7.37,4.95
Myanmar,64.50,49.19,0.00,8.63
Belize,0.00,41.27,50.82,25.12
Hong Kong,25.80,53.43,20.96,13.69
Bangladesh,18.06,40.85,21.93,22.36
Nepal,44.84,12.09,14.10,30.71
Pakistan,43.00,38.97,8.51,9.77
Montserrat,66.00,33.00,0.00,0.00
Liechtenstein,0.00,37.00,18.00,38.43
Dominica,25.14,33.00,0.00,35.11
Barbados,0.00,71.63,5.66,14.96
Laos,39.56,33.90,0.00,13.09
Tahiti,0.00,18.77,57.43,8.84
Comoros,64.16,4.30,3.69,12.21
Bermuda,0.00,0.00,83.16,0.00
Guam,43.10,28.34,7.70,0.00
Nicaragua,0.00,24.86,47.49,6.13
Solomon Islands,0.00,43.03,28.01,6.80
São Tomé e Príncipe,0.00,0.00,72.02,0.00
Sri Lanka,25.80,32.25,7.74,5.63
Chinese Taipei,30.44,16.13,10.32,13.82
Yemen,28.67,0.00,28.12,13.67
Turks and Caicos Islands,66.00,0.00,0.00,0.00
Seychelles,52.63,0.00,11.61,0.00
Curaçao,26.40,0.00,23.47,12.74
Faroe Islands,28.33,0.00,0.00,33.13
Mauritius,14.79,30.10,10.75,0.00
South Sudan,36.98,0.00,5.93,0.00
Vanuatu,0.00,0.00,29.07,8.50
Fiji,0.00,0.00,25.50,5.10
Mongolia,0.00,10.75,0.00,18.06
US Virgin Islands,0.00,0.00,0.00,28.16
Samoa,0.00,0.00,27.89,0.00
Bahamas,0.00,0.00,0.00,26.40
Brunei Darussalam,0.00,25.80,0.00,0.00
Timor-Leste,0.00,25.80,0.00,0.00
Tonga,0.00,0.00,25.50,0.00
Cayman Islands,0.00,0.00,7.92,13.20
American Samoa,0.00,0.00,18.21,0.00
Andorra,11.00,0.00,4.55,0.00
Papua New Guinea,0.00,0.00,13.81,0.00
Cambodia,0.00,0.00,0.00,13.33
British Virgin Islands,0.00,0.00,7.92,5.28
Eritrea,0.00,0.00,11.35,0.00
Somalia,0.00,0.00,8.39,0.00
Macau,0.00,3.07,0.00,3.69
Djibouti,0.00,0.00,6.45,0.00
Cook Islands,0.00,0.00,5.31,0.00
Anguilla,0.00,0.00,0.00,1.47
Bhutan,0.00,0.00,0.00,0.00
San Marino,0.00,0.00,0.00,0.00
