Team,Ranking1,Ranking2,Ranking3,Ranking4
Spain,726.83,381.97,196.23,208.39
Germany,566.64,375.50,183.29,185.41
Argentina,583.64,404.93,120.74,157.10
Colombia,636.15,364.84,139.36,37.94
Belgium,718.22,274.98,128.78,53.24
Uruguay,616.90,207.16,193.13,147.14
Switzerland,669.63,250.43,140.63,77.01
Netherlands,562.68,198.39,170.87,204.01
Italy,549.60,309.30,195.64,81.07
England,485.46,309.88,147.36,137.12
Brazil,624.11,195.74,116.81,141.24
Chile,631.58,187.25,137.71,94.40
USA,684.93,203.68,89.44,61.74
Portugal,440.74,322.79,147.35,125.12
Greece,472.11,235.48,162.79,112.70
Bosnia and Herzegovina,561.28,149.84,179.92,33.94
Côte d'Ivoire,437.39,259.83,132.59,87.49
Croatia,362.34,289.27,146.60,102.63
Russia,326.96,303.34,135.39,108.76
Ukraine,604.30,152.77,54.39,59.61
France,405.24,226.14,156.83,81.70
Ecuador,400.36,342.63,92.02,26.50
Ghana,474.75,198.88,79.59,106.30
Mexico,372.56,273.47,143.36,64.33
Sweden,424.42,174.65,181.35,69.93
Denmark,395.30,166.77,184.43,77.95
Czech Republic,392.50,260.55,72.97,57.28
Serbia,476.23,94.54,130.40,77.17
Romania,437.36,195.60,96.69,37.79
Slovenia,451.05,92.66,92.92,115.22
Costa Rica,517.68,125.47,78.64,22.13
Algeria,307.15,270.17,99.71,63.71
Nigeria,450.44,124.36,76.84,72.70
Honduras,459.32,147.95,82.20,30.65
Scotland,471.83,97.28,107.34,38.21
Panama,392.42,155.88,97.60,56.25
Venezuela,401.53,139.41,111.73,39.15
Armenia,446.00,62.39,110.34,68.12
Peru,364.62,117.41,144.89,59.18
Turkey,335.83,133.90,120.89,79.54
Mali,293.75,267.64,70.05,37.03
Cape Verde Islands,395.44,128.46,86.56,51.75
Hungary,260.48,197.86,123.81,53.68
Japan,220.65,172.22,161.86,79.70
Wales,372.44,100.50,140.50,20.31
Iceland,439.44,125.83,51.54,16.54
Norway,237.65,161.30,110.03,123.07
Tunisia,336.37,168.06,71.77,55.64
Paraguay,273.10,157.21,105.82,76.97
IR Iran,296.74,152.75,115.57,47.83
Egypt,290.64,117.73,73.00,128.32
Burkina Faso,403.24,56.92,62.53,75.29
Austria,361.75,125.06,47.69,61.24
Montenegro,228.69,172.31,66.04,116.98
Uzbekistan,333.25,135.83,86.22,26.34
Korea Republic,204.15,166.71,136.70,61.30
Australia,208.30,142.14,123.37,90.01
Albania,300.67,131.58,68.19,62.68
Cameroon,316.59,122.57,71.76,43.24
Republic of Ireland,209.69,140.56,138.70,61.32
Libya,239.81,152.66,90.17,57.72
South Africa,309.60,65.28,94.93,70.27
Finland,343.65,99.92,75.38,18.70
Senegal,268.48,82.17,126.64,52.79
Slovakia,229.85,143.91,55.19,98.80
Israel,299.60,79.66,115.25,20.00
Zambia,168.67,224.47,68.24,51.76
Guinea,253.51,135.96,50.71,72.24
Poland,219.42,161.91,89.50,31.99
Jordan,271.11,102.94,79.52,48.28
United Arab Emirates,328.17,89.77,35.15,42.88
Bolivia,228.93,231.03,29.14,6.56
Sierra Leone,205.04,136.79,122.55,28.64
Cuba,401.72,23.25,67.28,0.00
Togo,257.25,147.63,49.43,33.79
Bulgaria,196.63,216.84,40.32,33.05
Morocco,231.00,106.15,107.80,32.94
Dominican Republic,276.67,121.00,63.61,13.20
New Zealand,258.11,135.82,6.36,69.64
Haiti,216.68,178.86,68.22,0.00
Trinidad and Tobago,229.99,129.64,83.31,14.16
Jamaica,164.40,146.12,109.11,36.24
Belarus,193.62,108.75,59.97,79.00
Gabon,175.91,167.13,34.57,60.70
Uganda,215.43,117.91,43.11,54.60
FYR Macedonia,215.00,134.30,35.60,44.66
Congo DR,235.39,122.64,39.22,14.02
Azerbaijan,261.26,67.27,28.88,49.97
El Salvador,210.44,98.94,89.24,5.42
Northern Ireland,244.25,71.29,33.52,49.50
Congo,208.44,147.41,19.35,18.43
Oman,179.82,129.66,44.20,26.85
Angola,146.09,128.30,66.03,39.47
Benin,165.12,160.18,7.10,45.93
Ethiopia,198.47,119.85,39.11,18.46
Moldova,246.56,57.17,17.50,47.31
China PR,140.67,97.64,83.01,43.76
Botswana,200.45,39.75,57.00,56.67
Estonia,126.93,74.32,95.07,54.97
Georgia,73.91,129.81,84.47,61.93
Saudi Arabia,187.16,76.18,36.68,38.02
Zimbabwe,119.85,82.16,99.61,26.03
Lithuania,173.75,55.84,32.75,60.63
Iraq,119.24,104.73,65.74,33.07
Qatar,143.46,76.36,66.84,26.34
Liberia,143.93,96.62,64.44,7.48
Korea DPR,102.20,158.84,32.48,16.22
Central African Republic,0.00,221.27,35.75,52.63
Kuwait,148.50,63.79,55.12,39.72
Niger,89.53,103.08,57.43,56.00
Canada,58.82,150.20,69.64,17.71
Guatemala,49.02,153.03,72.60,19.68
Antigua and Barbuda,159.72,44.35,82.54,7.22
Guyana,132.00,48.77,49.63,55.64
Mozambique,126.54,90.03,33.20,32.66
Tajikistan,155.23,57.37,52.66,15.17
Latvia,145.10,51.72,62.25,18.09
Kenya,152.85,80.27,27.64,13.65
Equatorial Guinea,67.94,166.10,38.79,0.00
St Vincent and the Grenadines,155.10,61.69,27.70,26.97
Lebanon,107.85,115.19,37.77,6.55
Burundi,139.07,83.51,32.06,11.95
Bahrain,143.12,62.87,34.68,25.73
Malawi,94.47,69.51,54.14,45.14
Turkmenistan,121.26,89.58,27.55,15.19
New Caledonia,79.05,141.31,26.94,1.70
Luxembourg,150.45,29.66,53.01,13.76
Namibia,97.64,89.42,52.35,6.80
Rwanda,93.05,81.88,49.17,17.89
Tanzania,126.88,65.17,37.29,12.38
Suriname,97.68,59.90,51.61,28.10
Grenada,178.99,0.00,47.30,7.04
Afghanistan,160.06,44.81,18.54,0.00
Cyprus,106.56,56.43,26.60,29.56
Kazakhstan,113.89,44.14,46.90,11.07
Sudan,60.32,66.80,46.66,41.43
Sudan,60.32,66.80,46.66,41.43
Philippines,120.40,61.56,22.23,8.58
St Lucia,182.95,0.00,16.69,3.67
Gambia,92.88,30.10,38.76,40.49
Malta,108.45,51.75,27.58,3.83
Syria,100.19,12.90,46.89,23.30
Lesotho,114.65,39.08,21.47,7.45
Thailand,99.64,12.90,42.38,25.84
Tahiti,67.58,88.54,19.20,3.74
Belize,82.54,47.52,43.71,4.36
Palestine,88.03,55.50,27.22,4.51
St Kitts and Nevis,0.00,87.78,57.22,27.05
Hong Kong,119.76,25.80,13.13,12.55
Myanmar,100.73,47.30,10.96,10.20
Kyrgyz Republic,152.96,0.00,7.74,0.00
Vietnam,53.84,46.51,44.41,14.03
Mauritania,156.64,0.00,0.00,1.72
Nicaragua,49.72,84.39,21.24,0.00
India,94.60,30.58,11.73,13.67
Singapore,88.40,19.48,25.29,15.98
Chad,0.00,110.30,27.74,10.20
Maldives,80.41,41.84,13.03,11.90
Liechtenstein,59.00,10.71,66.60,4.84
Puerto Rico,0.00,83.16,29.48,26.40
Malaysia,67.64,31.15,28.03,9.69
Bermuda,0.00,68.64,58.61,0.00
Indonesia,60.15,16.93,33.27,9.73
São Tomé e Príncipe,0.00,120.04,0.00,0.00
Bangladesh,58.97,8.60,37.78,14.34
Nepal,52.68,14.62,39.28,12.04
Sri Lanka,75.25,12.90,8.44,10.93
Laos,58.05,30.10,16.36,0.00
Pakistan,66.04,14.19,14.65,6.80
Dominica,0.00,33.00,7.59,48.18
Curaçao,0.00,66.00,14.63,7.29
Solomon Islands,0.00,64.10,22.39,0.00
Guam,52.21,25.80,7.70,0.00
Barbados,0.00,51.17,8.51,22.00
Aruba,0.00,55.18,26.40,0.00
Faroe Islands,21.25,0.00,46.88,13.16
Chinese Taipei,33.64,17.20,17.63,10.78
Yemen,0.00,27.09,14.71,29.71
Samoa,0.00,61.98,0.00,0.00
Mauritius,53.57,0.00,8.06,0.00
Madagascar,0.00,32.25,20.00,5.16
Guinea-Bissau,0.00,22.79,11.87,21.67
Vanuatu,0.00,31.88,20.88,0.00
Swaziland,16.46,12.90,10.77,8.50
Mongolia,21.50,0.00,27.09,0.00
Fiji,0.00,21.25,25.50,0.00
American Samoa,0.00,42.50,0.00,0.00
Tonga,0.00,42.50,0.00,0.00
Bahamas,0.00,0.00,39.60,0.00
Montserrat,0.00,33.00,0.00,0.00
Comoros,8.60,0.00,16.77,6.38
US Virgin Islands,0.00,0.00,30.17,0.00
Cayman Islands,0.00,15.84,0.00,13.20
Brunei Darussalam,0.00,25.80,0.00,0.00
Timor-Leste,0.00,25.80,0.00,0.00
Eritrea,0.00,18.92,0.00,5.10
Seychelles,0.00,0.00,23.22,0.00
Papua New Guinea,0.00,10.63,10.20,0.00
Cambodia,0.00,0.00,20.00,0.00
British Virgin Islands,0.00,13.20,0.00,5.28
Andorra,9.63,6.50,0.00,0.00
Somalia,0.00,13.98,0.00,0.00
Djibouti,0.00,10.75,0.00,0.00
Cook Islands,0.00,10.63,0.00,0.00
South Sudan,0.00,9.89,0.00,0.00
Macau,0.00,4.30,5.53,0.00
Anguilla,0.00,0.00,2.64,0.00
Bhutan,0.00,0.00,0.00,0.00
San Marino,0.00,0.00,0.00,0.00
Turks and Caicos Islands,0.00,0.00,0.00,0.00
