Team,Ranking1,Ranking2,Ranking3,Ranking4
Germany,863.86,376.34,143.60,218.11
Brazil,708.30,439.61,175.41,159.21
Portugal,744.16,308.92,190.76,114.05
Argentina,510.42,451.62,198.80,187.52
Belgium,626.00,300.00,229.48,169.81
Spain,657.78,253.96,235.01,84.08
Poland,639.96,351.13,130.62,87.24
Switzerland,637.56,301.08,147.06,104.73
France,524.56,431.45,87.23,140.06
Chile,459.09,353.89,229.01,104.75
Peru,654.93,319.26,113.17,40.77
Denmark,784.52,144.99,93.21,76.11
Colombia,405.19,373.26,137.95,161.19
Italy,516.96,298.90,132.73,103.90
Croatia,523.51,284.25,148.01,92.00
England,479.31,284.28,178.73,104.66
Mexico,522.73,287.74,132.29,89.57
Sweden,659.74,151.28,138.74,50.68
Wales,405.94,305.07,186.90,86.65
Iceland,528.04,241.07,106.37,83.23
Netherlands,502.07,181.10,92.47,176.86
Uruguay,337.05,310.10,159.69,117.17
Tunisia,568.40,164.82,74.63,107.16
Senegal,433.14,254.55,93.92,93.30
USA,488.00,211.07,102.50,65.46
Northern Ireland,457.90,168.49,153.02,87.51
Costa Rica,360.93,273.87,74.44,121.93
Slovakia,372.92,193.58,122.71,127.71
Austria,410.57,102.51,192.59,109.74
Egypt,469.00,207.42,92.63,44.53
Paraguay,467.50,183.59,131.88,29.13
Republic of Ireland,349.86,223.60,174.95,49.66
Scotland,552.19,98.23,74.28,73.06
IR Iran,405.04,234.07,97.38,60.87
Ukraine,402.44,181.81,116.14,80.87
Australia,426.07,180.29,129.38,27.35
Serbia,450.37,172.31,88.82,44.10
Bosnia and Herzegovina,347.63,183.53,152.03,69.34
Morocco,465.52,173.14,79.37,29.69
Romania,376.42,95.59,139.57,125.10
Turkey,297.89,181.70,202.13,53.56
Bulgaria,470.88,129.94,67.89,50.18
Congo DR,357.78,201.09,90.88,65.24
Burkina Faso,422.21,201.00,36.35,49.13
Cameroon,440.94,125.73,72.74,67.22
Montenegro,408.38,184.28,35.08,53.67
Greece,368.16,170.31,75.50,65.69
Czech Republic,330.00,117.07,110.48,119.32
Bolivia,499.69,69.79,86.69,17.77
Ghana,317.90,153.52,121.97,66.05
Nigeria,349.81,175.92,58.77,66.90
Venezuela,381.64,187.92,69.55,0.00
Panama,369.95,145.19,83.22,37.96
Hungary,199.79,183.37,188.50,58.36
Jamaica,378.46,88.11,112.18,46.63
Japan,268.99,179.07,91.03,59.13
Algeria,234.14,135.00,110.08,106.09
Norway,350.74,71.63,103.41,46.17
Korea Republic,213.57,200.54,99.69,55.31
Albania,233.86,119.82,120.16,78.78
Côte d'Ivoire,163.60,152.59,159.33,68.04
Russia,228.71,85.31,150.28,69.22
Cape Verde Islands,314.65,26.56,116.87,71.86
Slovenia,251.63,148.49,75.57,53.27
Saudi Arabia,219.26,162.36,115.37,24.52
Guinea,251.01,95.63,75.14,88.50
Honduras,275.02,179.24,33.88,20.43
Ecuador,50.36,201.31,178.22,78.41
Finland,341.33,17.77,110.91,37.94
China PR,300.71,106.66,43.72,52.50
Mali,195.89,165.69,68.78,46.40
Zambia,258.15,83.09,60.61,64.04
Uganda,204.78,94.31,98.23,48.34
FYR Macedonia,386.10,12.44,24.63,22.48
Palestine,309.28,45.73,57.92,30.17
Syria,259.07,110.09,62.64,10.20
Uzbekistan,164.90,165.64,67.17,43.03
United Arab Emirates,183.25,128.42,80.85,43.84
South Africa,189.79,118.36,58.67,69.27
Trinidad and Tobago,207.61,62.32,96.31,63.96
Benin,155.72,155.55,77.90,38.29
Iraq,253.64,45.85,74.97,35.95
Guinea-Bissau,112.63,224.27,31.47,40.92
Luxembourg,295.96,52.38,38.16,20.97
Lebanon,310.25,33.28,40.71,22.85
Curaçao,164.23,182.22,41.01,19.04
Haiti,131.75,138.03,88.89,44.41
Estonia,247.90,48.24,63.31,39.27
Libya,200.95,94.83,62.93,30.37
El Salvador,252.31,46.36,54.35,29.74
Armenia,215.43,127.78,22.03,17.38
Cyprus,214.88,30.94,75.36,52.29
Gabon,197.35,54.79,40.78,79.50
Belarus,129.22,111.13,104.07,27.84
Canada,214.51,53.28,82.29,21.00
Congo,110.03,82.21,112.10,65.10
Faroe Islands,129.94,114.68,64.97,54.05
Sierra Leone,190.06,110.59,34.96,24.10
Israel,60.11,159.02,36.17,99.88
Mauritania,174.29,81.24,55.63,28.64
Oman,205.63,50.79,48.21,30.47
India,215.81,85.68,29.91,1.72
Qatar,116.99,99.42,80.97,30.09
Georgia,174.62,77.78,52.68,16.63
Kenya,121.64,112.65,61.42,21.32
Niger,179.35,51.60,58.27,22.24
Zimbabwe,131.42,98.72,52.98,28.25
Mozambique,139.07,80.18,45.85,44.95
Madagascar,182.36,38.25,59.47,29.41
St Kitts and Nevis,64.18,150.58,50.99,37.66
Namibia,122.15,108.00,37.56,32.45
Vietnam,180.98,56.24,36.34,24.53
Jordan,148.26,54.68,62.56,28.06
Turkmenistan,184.52,31.88,62.40,12.90
Nicaragua,126.44,64.20,96.47,0.00
Kyrgyz Republic,148.75,46.20,74.04,13.39
Rwanda,89.25,61.44,55.20,75.91
Azerbaijan,98.77,118.61,55.41,8.52
Korea DPR,114.02,62.16,85.07,7.58
New Zealand,125.16,114.66,19.07,8.43
Central African Republic,91.80,108.59,60.95,4.30
Bahrain,131.11,58.65,54.29,20.44
Philippines,126.44,70.03,44.86,21.57
Sudan,147.48,40.89,37.29,34.64
Malawi,86.79,81.81,44.96,46.15
Tajikistan,147.76,67.76,26.65,13.15
Togo,55.95,110.88,28.53,51.43
Guatemala,0.00,136.63,45.68,60.18
Thailand,100.06,55.74,60.31,20.27
Comoros,124.76,71.33,25.69,12.83
Latvia,75.63,64.29,54.07,39.02
Swaziland,39.83,104.42,68.06,15.92
Liberia,60.69,86.06,61.76,15.22
Chinese Taipei,148.75,56.31,16.73,1.47
Kazakhstan,41.37,109.87,50.84,18.02
Andorra,210.07,4.74,0.00,0.00
Ethiopia,56.31,92.12,37.68,27.31
Yemen,112.86,63.75,24.80,10.21
Antigua and Barbuda,0.00,90.62,65.66,53.18
Myanmar,133.61,25.09,23.33,20.68
Equatorial Guinea,25.50,36.72,109.56,29.92
Angola,99.62,22.38,37.31,40.22
Burundi,84.11,42.71,49.11,21.48
Hong Kong,85.51,38.58,56.33,8.56
Lesotho,89.21,50.62,19.67,28.87
Tanzania,103.38,7.14,34.97,36.97
Lithuania,20.63,88.63,28.22,41.48
Afghanistan,93.77,37.40,26.35,18.92
Botswana,26.07,51.43,62.07,32.75
Maldives,53.13,54.45,16.18,30.62
Solomon Islands,114.11,38.25,0.00,0.00
Tahiti,63.75,85.00,0.00,0.00
South Sudan,73.36,0.00,66.94,7.40
New Caledonia,92.08,53.60,0.00,0.00
Barbados,49.58,31.88,35.27,27.03
Vanuatu,86.02,44.63,10.20,0.00
Mauritius,36.88,66.39,30.35,0.00
Papua New Guinea,65.03,60.88,0.00,0.00
Grenada,50.36,42.50,19.94,11.82
Indonesia,62.39,38.21,7.65,13.01
Suriname,0.00,116.57,0.00,4.25
Dominican Republic,0.00,90.14,0.00,30.42
Gambia,70.89,19.98,28.66,0.00
Guyana,0.00,77.41,35.75,4.25
Nepal,56.67,46.04,11.95,0.00
Moldova,53.90,27.60,10.15,20.43
Puerto Rico,8.50,70.95,22.90,9.18
Fiji,56.18,36.13,17.85,0.00
Chad,0.00,0.00,87.98,21.84
Dominica,51.00,31.88,22.92,3.76
Belize,0.00,30.18,74.59,0.00
Cambodia,39.84,37.19,17.36,8.50
Singapore,32.64,18.83,39.21,10.34
Kuwait,36.04,0.00,47.32,16.36
Malaysia,22.42,39.49,23.18,13.98
St Vincent and the Grenadines,34.00,0.00,28.68,35.90
St Lucia,42.50,0.00,32.72,23.33
Kosovo,30.12,67.37,0.00,0.00
São Tomé e Príncipe,0.00,59.29,35.19,0.00
Aruba,0.00,0.00,58.14,33.36
Cuba,0.00,31.88,30.05,26.31
Liechtenstein,45.20,0.00,12.62,28.29
Laos,21.25,43.35,7.94,9.77
Bermuda,25.50,0.00,46.17,0.00
Malta,28.29,8.23,17.72,11.63
Macau,21.25,29.22,6.38,8.53
Djibouti,63.75,0.00,0.00,0.00
Bhutan,0.00,42.50,14.71,0.00
Mongolia,0.00,17.00,38.25,0.00
Brunei Darussalam,0.00,21.25,19.13,5.10
Timor-Leste,41.82,1.93,0.00,0.00
Seychelles,7.08,22.77,8.38,5.10
Guam,0.00,0.00,31.66,10.96
American Samoa,0.00,0.00,38.25,0.00
Cook Islands,0.00,0.00,38.25,0.00
Samoa,0.00,0.00,38.25,0.00
Bangladesh,0.00,7.59,13.54,8.52
US Virgin Islands,0.00,0.00,26.39,0.00
Montserrat,0.00,0.00,6.38,13.20
Sri Lanka,0.00,4.25,4.78,6.80
Pakistan,0.00,0.00,15.25,0.00
Turks and Caicos Islands,0.00,0.00,0.00,13.20
Cayman Islands,0.00,0.00,12.75,0.00
San Marino,0.00,0.00,0.00,11.09
British Virgin Islands,0.00,0.00,6.38,0.00
Anguilla,0.00,0.00,0.00,0.00
Bahamas,0.00,0.00,0.00,0.00
Eritrea,0.00,0.00,0.00,0.00
Gibraltar,0.00,0.00,0.00,0.00
Somalia,0.00,0.00,0.00,0.00
Tonga,0.00,0.00,0.00,0.00
