Team,Ranking1,Ranking2,Ranking3,Ranking4
Germany,1158.66,253.55,241.40,111.44
Argentina,1022.99,329.95,204.10,73.93
Colombia,873.02,314.55,220.68,79.54
Netherlands,969.97,241.45,98.79,145.41
Belgium,854.34,385.99,110.31,93.70
Brazil,783.69,312.74,119.13,75.44
Uruguay,701.98,262.05,160.64,117.94
Spain,497.96,352.24,246.74,131.23
France,781.00,157.61,153.93,109.01
Switzerland,672.85,266.06,153.18,82.69
Portugal,628.91,189.69,203.62,127.73
Chile,630.71,245.12,140.91,83.45
Italy,444.16,321.27,166.33,135.88
Greece,543.92,243.97,160.25,104.30
Costa Rica,619.71,262.14,53.90,52.18
Mexico,529.26,191.78,144.76,97.04
USA,444.73,331.37,101.86,58.14
England,473.57,176.84,187.32,97.37
Croatia,389.08,270.80,154.00,114.59
Algeria,543.90,190.04,148.08,43.51
Ecuador,429.88,215.07,201.05,42.72
Côte d'Ivoire,422.25,218.23,146.48,91.90
Russia,366.46,238.90,167.94,101.85
Ukraine,478.84,245.33,108.36,22.52
Bosnia and Herzegovina,358.42,287.03,88.95,116.29
Romania,456.62,219.43,102.43,58.46
Denmark,410.21,176.02,148.94,97.62
Czech Republic,432.09,160.38,160.62,59.42
Scotland,432.48,141.08,81.43,59.26
Wales,397.79,164.81,111.77,39.17
Tunisia,373.40,170.05,107.58,49.62
Sweden,238.75,200.65,138.54,84.09
Ghana,272.07,228.65,113.17,46.78
Serbia,329.64,169.20,68.85,78.12
Iceland,340.66,218.19,52.31,34.36
Senegal,367.87,134.24,58.10,84.43
Nigeria,306.61,224.45,63.08,47.46
Turkey,344.42,129.74,99.65,63.43
Austria,308.37,188.63,90.51,34.29
Slovakia,368.21,135.05,73.22,39.84
Cape Verde Islands,267.33,181.25,120.29,34.77
Cameroon,325.90,170.35,60.99,43.99
Montenegro,225.04,215.32,68.40,82.53
IR Iran,255.56,179.01,74.82,62.16
Albania,255.29,217.37,53.15,44.96
Bulgaria,276.32,143.32,96.36,53.92
Peru,201.51,181.27,95.45,84.52
Guinea,300.42,114.08,90.78,52.14
Japan,217.62,124.82,106.77,108.02
Burkina Faso,278.11,208.00,13.84,57.17
Congo,343.58,83.38,114.90,14.96
Armenia,235.13,163.89,59.78,97.56
Slovenia,208.35,200.03,91.18,55.30
Hungary,168.86,222.12,62.59,94.58
Panama,170.09,205.61,99.37,65.06
Honduras,187.95,227.10,65.49,54.26
Guatemala,351.05,55.90,87.59,39.35
Uzbekistan,225.54,169.13,83.13,51.84
Mali,156.11,165.30,150.73,53.52
Paraguay,189.56,177.17,77.42,69.76
Egypt,250.82,144.61,81.51,36.12
Republic of Ireland,217.22,99.65,113.59,75.78
Korea Republic,204.49,93.85,117.05,85.52
Israel,247.38,155.43,33.41,61.65
Finland,199.10,188.70,56.81,46.22
Venezuela,108.36,203.39,98.56,65.92
South Africa,203.51,149.00,46.03,59.85
Libya,168.43,109.01,99.14,78.82
Jordan,198.81,129.18,70.97,50.73
Poland,150.56,133.27,98.99,53.03
Northern Ireland,234.01,151.36,15.56,33.67
El Salvador,215.48,89.03,75.06,51.35
Congo DR,215.71,108.64,73.58,31.98
United Arab Emirates,211.95,151.30,42.83,23.44
Sierra Leone,149.75,111.68,81.59,81.10
Oman,225.48,102.95,63.73,29.14
Norway,96.02,154.96,97.37,72.47
Benin,229.73,82.56,80.09,27.43
Uganda,201.23,133.03,54.30,29.17
Antigua and Barbuda,242.25,79.86,43.11,46.23
Estonia,197.89,77.89,58.44,69.27
Saudi Arabia,254.62,79.44,39.86,27.62
Gabon,193.34,79.96,103.04,16.07
Australia,100.08,128.71,76.86,84.55
Cyprus,307.74,29.06,33.86,17.74
Trinidad and Tobago,145.54,125.12,55.72,47.55
Morocco,101.80,134.71,60.08,74.82
Zambia,100.03,84.33,139.92,40.76
Belarus,147.83,120.63,41.44,54.43
Iraq,178.88,57.84,82.12,38.13
Botswana,208.71,85.44,25.25,37.06
Zimbabwe,170.36,55.93,49.30,77.07
Rwanda,227.74,46.52,61.42,12.88
Bolivia,83.00,164.92,76.78,21.19
Azerbaijan,189.42,71.95,36.32,46.10
Qatar,178.88,66.00,56.00,40.63
China PR,159.84,71.72,53.68,55.86
Malawi,209.30,43.86,42.27,44.11
Latvia,188.73,73.80,31.03,39.33
Jamaica,69.45,94.40,80.10,76.62
Angola,106.12,90.85,68.55,46.87
Palestine,219.65,44.02,31.08,16.50
Lithuania,194.77,70.47,22.22,21.83
Bahrain,174.61,66.44,39.57,23.91
Moldova,196.07,73.14,21.13,11.67
St Vincent and the Grenadines,165.23,77.55,34.66,23.33
Dominican Republic,63.75,134.59,60.85,36.30
Niger,110.60,85.36,33.44,65.67
Mozambique,150.31,59.05,62.08,22.13
Georgia,99.75,48.41,77.01,64.78
Kenya,142.56,71.65,54.50,18.94
FYR Macedonia,51.03,159.69,52.25,23.18
Namibia,146.69,48.82,53.65,34.90
Equatorial Guinea,78.69,96.54,78.98,25.80
Tanzania,152.19,63.44,36.66,24.86
Lesotho,185.13,53.47,24.13,14.31
St Kitts and Nevis,153.85,33.00,46.73,42.42
New Zealand,36.39,158.66,69.87,9.36
Haiti,0.00,108.34,111.43,45.90
Canada,84.60,42.94,92.70,45.04
Lebanon,117.77,52.66,71.01,22.90
Cuba,26.10,181.78,4.49,44.85
St Lucia,147.75,91.48,10.16,6.60
Kuwait,100.68,74.38,37.80,37.05
Togo,0.00,156.69,55.69,32.95
Liberia,76.11,55.97,74.30,34.49
Luxembourg,104.85,75.23,20.34,38.72
Kazakhstan,120.84,69.58,24.56,23.58
Aruba,166.80,21.34,26.93,17.60
Guinea-Bissau,204.61,0.00,13.67,7.91
Burundi,90.81,69.54,43.84,21.37
Ethiopia,18.22,117.15,60.48,26.58
Sudan,115.46,27.65,40.08,37.55
Sudan,115.46,27.65,40.08,37.55
Philippines,109.58,59.26,35.39,14.20
Afghanistan,94.60,80.03,26.88,12.36
Tajikistan,65.75,78.69,30.12,38.61
Grenada,59.09,89.50,32.74,27.24
New Caledonia,0.00,114.75,76.77,17.02
Central African Republic,21.50,0.00,132.76,54.24
Mauritania,114.85,83.12,0.00,0.00
Turkmenistan,64.50,60.63,53.75,18.37
Vietnam,122.15,19.11,25.76,26.53
Myanmar,131.95,51.49,2.58,7.30
Chad,109.22,0.00,68.26,8.00
Maldives,109.34,40.21,25.11,7.90
Madagascar,147.06,0.00,19.35,13.33
Suriname,47.65,48.84,36.67,41.65
Curaçao,121.60,0.00,35.21,7.08
Singapore,99.46,35.48,10.72,17.52
Korea DPR,0.00,51.10,86.64,22.30
Kyrgyz Republic,63.65,89.23,0.00,5.16
Syria,64.50,55.10,7.74,27.01
Guyana,21.25,47.14,39.42,40.01
Malaysia,67.13,32.25,14.39,20.02
Malta,25.00,60.25,26.61,20.69
Indonesia,75.26,25.24,6.71,22.87
Puerto Rico,45.90,0.00,52.22,27.72
India,45.24,43.00,19.50,8.72
Thailand,15.82,53.65,19.26,27.49
Swaziland,93.38,13.57,0.00,7.18
Barbados,29.33,66.00,2.82,13.42
Tahiti,0.00,24.13,68.30,13.54
Belize,0.00,41.27,28.51,32.78
Guam,64.25,24.73,7.74,5.13
Hong Kong,7.08,59.88,23.96,10.64
Gambia,0.00,46.44,38.57,16.07
Dominica,28.23,33.00,0.00,27.31
Montserrat,66.00,0.00,19.80,0.00
Laos,39.56,33.90,0.00,10.91
Bermuda,0.00,0.00,83.16,0.00
Nicaragua,0.00,24.86,42.20,15.93
Liechtenstein,0.00,29.50,7.50,44.40
Seychelles,65.11,0.00,0.00,15.48
Comoros,64.16,4.30,0.00,11.18
Pakistan,25.80,33.15,8.51,9.77
Sri Lanka,25.50,37.63,7.74,5.63
São Tomé e Príncipe,0.00,0.00,72.02,0.00
Chinese Taipei,30.44,16.13,10.32,12.67
Faroe Islands,34.00,0.00,0.00,33.13
Turks and Caicos Islands,66.00,0.00,0.00,0.00
Bangladesh,8.60,28.49,2.58,25.19
Solomon Islands,0.00,0.00,49.45,14.92
Nepal,0.00,25.80,7.60,29.10
Yemen,30.64,0.00,16.25,11.38
South Sudan,36.98,0.00,5.93,0.00
Macau,34.00,3.58,0.00,3.69
Samoa,0.00,0.00,37.19,0.00
Vanuatu,0.00,0.00,19.13,13.92
Mauritius,0.00,26.78,0.00,5.38
Fiji,0.00,0.00,12.75,17.00
Mongolia,0.00,10.75,0.00,18.06
US Virgin Islands,0.00,0.00,0.00,28.16
Bahamas,0.00,0.00,0.00,26.40
Brunei Darussalam,0.00,25.80,0.00,0.00
Timor-Leste,0.00,25.80,0.00,0.00
Tonga,0.00,0.00,25.50,0.00
American Samoa,0.00,0.00,25.50,0.00
Cayman Islands,0.00,0.00,9.50,13.20
Cambodia,0.00,0.00,0.00,13.33
British Virgin Islands,0.00,0.00,7.92,5.28
Papua New Guinea,0.00,0.00,6.38,6.80
Eritrea,0.00,0.00,11.35,0.00
Andorra,0.00,4.81,3.90,0.00
Somalia,0.00,0.00,8.39,0.00
Djibouti,0.00,0.00,6.45,0.00
Cook Islands,0.00,0.00,6.38,0.00
Anguilla,0.00,0.00,0.00,1.47
Bhutan,0.00,0.00,0.00,0.00
San Marino,0.00,0.00,0.00,0.00
