Team,Ranking1,Ranking2,Ranking3,Ranking4
Spain,699.69,415.36,183.12,208.86
Germany,566.83,382.93,182.37,185.38
Argentina,590.90,366.88,127.69,165.54
Colombia,632.31,397.14,134.05,36.90
Portugal,611.29,286.83,168.32,106.04
Uruguay,625.97,151.68,217.84,136.36
Italy,538.69,316.82,185.84,79.06
Switzerland,621.89,277.45,134.33,79.74
Netherlands,527.71,214.27,146.30,217.66
Brazil,668.33,170.61,125.36,137.92
Belgium,652.93,271.08,118.68,55.61
Greece,546.70,265.33,142.57,99.98
England,455.04,279.38,169.59,137.12
USA,654.09,207.22,85.66,71.75
Chile,627.18,149.11,142.43,95.51
Croatia,430.28,262.77,170.50,107.17
Côte d'Ivoire,431.97,267.78,138.16,79.96
Ukraine,625.82,161.29,59.91,59.98
Bosnia and Herzegovina,505.17,184.53,160.05,48.94
France,435.22,240.64,145.90,71.40
Mexico,408.43,275.46,143.70,64.33
Russia,335.38,302.11,140.62,91.94
Ecuador,365.92,349.54,101.22,35.06
Ghana,453.96,199.35,86.40,108.98
Denmark,418.15,147.29,188.64,76.53
Algeria,380.58,247.60,117.65,54.16
Sweden,347.00,210.47,161.33,73.85
Czech Republic,370.50,205.83,122.94,66.80
Slovenia,476.15,92.66,92.92,100.06
Serbia,440.63,127.55,107.91,75.92
Costa Rica,511.01,138.28,73.71,18.41
Romania,390.56,213.36,98.14,31.64
IR Iran,445.05,114.04,112.37,48.76
Scotland,471.33,92.78,108.33,44.13
Armenia,468.56,68.96,110.34,68.12
Venezuela,446.14,106.86,122.04,36.14
Nigeria,430.04,136.53,73.92,69.60
Panama,411.11,139.94,107.23,46.93
Cape Verde Islands,434.99,110.11,95.82,57.12
Peru,385.46,123.05,141.83,47.18
Egypt,383.01,121.03,66.37,124.87
Honduras,439.39,131.93,88.74,29.78
Turkey,349.77,132.80,122.90,71.59
Hungary,289.42,208.72,106.01,63.94
Mali,274.17,288.12,67.58,34.35
Austria,414.48,125.06,47.69,61.24
Japan,208.37,198.40,149.31,82.30
Tunisia,336.37,168.06,71.77,55.64
Iceland,426.00,120.75,60.13,16.89
Cameroon,388.52,123.33,68.24,35.02
Paraguay,264.59,138.63,115.35,81.26
Montenegro,209.19,223.71,45.41,115.70
Burkina Faso,398.80,78.48,48.20,65.08
Korea Republic,226.44,154.06,130.52,66.33
Norway,175.34,186.80,93.23,121.80
Wales,346.28,77.14,142.29,8.30
Albania,299.25,147.38,61.53,63.28
Australia,237.59,123.49,125.91,78.14
Libya,242.82,162.44,88.21,64.46
Slovakia,269.15,127.92,61.32,98.33
Guinea,292.03,141.04,49.26,72.24
South Africa,328.47,64.03,89.57,71.50
Israel,332.89,70.81,119.53,24.86
Finland,337.35,112.09,64.13,24.96
Senegal,282.37,74.26,122.44,57.27
Jordan,343.17,76.10,79.91,36.45
Republic of Ireland,221.86,89.25,159.01,57.53
Uzbekistan,271.29,148.76,92.34,13.86
Zambia,145.29,260.08,67.53,50.01
Bolivia,239.03,238.21,35.15,6.56
United Arab Emirates,316.78,121.22,29.83,38.96
Togo,306.30,127.88,55.91,13.64
Morocco,248.77,109.04,93.75,38.82
Bulgaria,218.48,192.75,45.36,29.45
Sierra Leone,198.23,121.39,122.55,28.64
Poland,179.50,155.11,91.27,35.51
Gabon,175.20,187.00,29.63,60.70
Trinidad and Tobago,197.15,133.74,78.00,32.48
Haiti,107.54,215.88,78.54,37.59
Jamaica,150.70,136.38,88.15,63.73
Belarus,161.49,123.78,55.56,90.14
Congo DR,256.79,108.47,50.20,11.68
FYR Macedonia,212.70,137.07,35.21,40.40
Congo,223.35,145.19,37.63,14.96
Oman,230.56,81.85,68.31,26.84
Uganda,192.12,120.73,51.22,38.12
Saudi Arabia,264.67,47.93,46.00,32.58
Angola,151.30,123.95,66.11,42.70
Northern Ireland,220.19,74.86,33.53,52.29
New Zealand,185.39,129.06,6.36,57.68
El Salvador,210.44,62.63,99.32,5.42
China PR,162.33,90.02,78.18,45.58
Ethiopia,202.43,108.15,37.54,26.20
Azerbaijan,219.01,59.65,40.49,43.86
Estonia,139.85,69.72,103.37,49.92
Moldova,231.60,64.31,15.75,47.31
Botswana,200.45,37.71,34.23,84.66
Liberia,201.50,80.52,64.44,7.48
Benin,137.60,160.18,7.10,36.65
Cuba,110.88,126.94,11.09,84.68
Georgia,63.21,124.68,73.67,68.06
Lithuania,186.75,49.64,36.84,53.05
Qatar,140.16,91.78,67.74,25.17
Niger,92.25,108.62,57.20,60.09
Kuwait,172.78,47.90,56.32,37.95
Central African Republic,0.00,221.27,35.75,52.63
Zimbabwe,116.21,89.82,70.32,22.50
Equatorial Guinea,67.94,185.09,41.18,0.00
Kenya,174.40,67.54,40.26,10.31
Iraq,87.72,89.99,88.35,25.67
Bahrain,174.70,51.41,49.14,16.41
Canada,49.02,139.09,78.82,23.61
Guatemala,53.48,124.36,83.92,25.47
Tajikistan,157.38,66.94,45.04,16.35
Dominican Republic,78.67,125.71,64.09,13.20
Malawi,109.91,68.07,47.30,46.70
Latvia,131.91,51.72,70.03,18.09
Mozambique,121.33,73.91,49.08,19.55
Sudan,104.15,72.77,37.96,43.94
Sudan,104.15,72.77,37.96,43.94
Tanzania,127.90,74.80,30.53,22.57
New Caledonia,79.05,141.31,26.94,1.70
Lebanon,108.44,54.56,79.28,6.55
Luxembourg,150.45,29.66,48.38,14.80
Burundi,67.45,115.99,33.62,21.62
Namibia,97.78,74.80,57.83,6.80
Cyprus,121.79,56.43,23.35,27.89
Philippines,127.47,54.95,24.79,11.47
Kazakhstan,113.89,44.14,46.90,11.07
Syria,97.61,42.19,41.42,25.94
Myanmar,150.50,32.90,12.95,7.45
Gambia,92.88,30.10,38.76,40.49
Malta,108.45,55.07,31.03,3.83
Rwanda,70.12,57.81,66.49,2.98
Suriname,26.40,95.70,34.86,39.91
Turkmenistan,64.50,84.93,27.55,18.22
Grenada,68.11,55.44,16.27,53.79
Palestine,111.80,41.21,34.68,4.51
Lesotho,121.82,25.78,39.77,0.00
Korea DPR,16.51,105.30,46.24,18.77
Afghanistan,160.06,0.00,23.56,0.00
Hong Kong,128.08,27.95,15.00,12.55
Mauritania,132.31,45.92,0.00,1.72
Tahiti,67.58,88.54,19.20,3.74
Vietnam,39.56,35.80,81.66,10.11
Antigua and Barbuda,0.00,48.04,73.54,42.00
Thailand,49.99,51.09,43.88,17.18
St Lucia,68.11,70.62,12.98,3.67
Kyrgyz Republic,146.86,0.00,7.74,0.00
St Kitts and Nevis,0.00,62.04,49.30,38.16
Guyana,0.00,35.30,74.03,39.43
Singapore,87.40,31.62,25.65,4.00
Laos,96.75,19.11,18.28,9.63
St Vincent and the Grenadines,0.00,89.96,34.23,17.98
Liechtenstein,59.00,10.71,61.88,9.88
Puerto Rico,0.00,52.31,62.48,26.40
Malaysia,70.34,28.27,25.62,16.55
India,94.10,17.15,20.19,9.12
São Tomé e Príncipe,0.00,130.72,8.00,0.00
Belize,82.54,0.00,48.72,4.36
Nicaragua,49.72,51.39,29.01,0.00
Guam,98.90,16.72,7.70,0.00
Indonesia,55.37,24.61,22.11,20.87
Maldives,60.31,42.02,17.51,0.00
Chad,0.00,65.79,35.37,14.46
Bangladesh,73.96,8.60,27.74,5.30
Barbados,0.00,71.63,6.96,22.00
Chinese Taipei,51.94,13.44,19.23,10.78
Dominica,26.40,33.00,0.00,35.11
Sri Lanka,75.25,0.00,9.78,5.10
Aruba,0.00,52.49,34.64,0.00
Faroe Islands,18.89,0.00,56.25,11.51
Solomon Islands,0.00,64.10,22.39,0.00
Nepal,46.82,6.14,33.11,0.00
Pakistan,71.12,0.00,14.48,0.00
Bermuda,0.00,0.00,83.16,0.00
Seychelles,52.63,0.00,14.51,0.00
Mauritius,40.59,17.20,8.06,0.00
Curaçao,26.40,0.00,25.61,12.74
Yemen,0.00,16.93,11.87,25.25
Vanuatu,0.00,31.88,20.88,0.00
Mongolia,21.50,0.00,27.09,0.00
Fiji,0.00,21.25,25.50,0.00
Samoa,0.00,0.00,44.63,0.00
Guinea-Bissau,0.00,0.00,19.94,21.67
Bahamas,0.00,0.00,39.60,0.00
Swaziland,10.32,17.20,9.87,0.00
Madagascar,0.00,0.00,28.10,5.16
Montserrat,0.00,33.00,0.00,0.00
Cambodia,0.00,0.00,19.35,8.60
Brunei Darussalam,0.00,25.80,0.00,0.00
Timor-Leste,0.00,25.80,0.00,0.00
Tonga,0.00,0.00,25.50,0.00
US Virgin Islands,0.00,0.00,23.47,0.00
Cayman Islands,0.00,0.00,7.92,13.20
Papua New Guinea,0.00,10.63,10.20,0.00
British Virgin Islands,0.00,13.20,0.00,5.28
American Samoa,0.00,0.00,18.21,0.00
Comoros,0.00,4.30,13.04,0.00
Andorra,11.00,5.69,0.00,0.00
Eritrea,0.00,0.00,11.35,0.00
South Sudan,0.00,9.89,0.00,0.00
Macau,0.00,4.30,5.53,0.00
Somalia,0.00,0.00,8.39,0.00
Djibouti,0.00,0.00,6.45,0.00
Cook Islands,0.00,0.00,5.31,0.00
Anguilla,0.00,0.00,2.64,0.00
Bhutan,0.00,0.00,0.00,0.00
San Marino,0.00,0.00,0.00,0.00
Turks and Caicos Islands,0.00,0.00,0.00,0.00
