Team,Ranking1,Ranking2,Ranking3,Ranking4
Argentina,934.24,285.59,284.77,116.73
Germany,765.77,274.60,311.41,113.33
Brazil,774.01,271.10,239.98,124.82
Belgium,626.85,362.54,233.44,159.60
Colombia,746.69,250.47,237.09,127.23
Chile,607.69,377.09,161.95,126.32
France,818.02,147.41,224.51,81.05
Portugal,557.78,385.88,198.72,88.15
Uruguay,628.96,235.68,186.78,123.38
Spain,544.90,359.05,118.56,145.37
Wales,580.25,346.15,112.56,74.49
England,516.62,356.85,117.72,99.28
Italy,572.25,257.60,141.89,109.92
Switzerland,527.29,264.71,145.30,133.93
Poland,678.43,202.52,108.77,39.42
Croatia,577.71,212.23,164.80,72.47
Mexico,570.94,202.94,152.57,74.51
Costa Rica,605.35,85.96,176.24,103.54
Ecuador,502.42,242.07,107.66,80.07
Netherlands,381.99,148.72,258.07,112.54
Iceland,481.34,183.38,145.79,87.89
Hungary,526.37,243.62,68.95,52.10
Peru,568.87,160.92,62.68,72.92
USA,462.30,151.77,101.29,136.99
Turkey,368.18,322.05,85.62,67.17
Slovakia,396.99,209.72,186.86,45.97
IR Iran,515.53,189.58,72.91,59.35
Bosnia and Herzegovina,330.35,260.62,104.00,112.26
Ukraine,375.71,159.07,147.03,120.86
Austria,207.99,355.44,156.63,72.35
Côte d'Ivoire,361.11,227.96,113.67,87.48
Senegal,428.10,191.30,110.03,53.70
Republic of Ireland,452.38,210.74,71.23,41.94
Romania,222.54,296.01,142.56,85.19
Algeria,313.59,184.08,182.08,61.43
Northern Ireland,320.76,238.36,131.27,48.85
Paraguay,444.06,202.50,36.37,54.62
Tunisia,370.71,143.86,139.09,67.27
Sweden,394.64,172.85,62.40,84.88
Czech Republic,185.50,258.95,140.50,78.50
Australia,390.38,205.11,26.28,41.66
Greece,298.05,125.84,138.00,94.42
Serbia,332.29,161.62,60.94,95.25
Korea Republic,350.08,188.36,60.76,40.83
Ghana,221.68,228.98,82.50,94.95
Egypt,330.03,120.38,117.96,58.13
Albania,246.99,181.67,130.17,60.13
Uzbekistan,379.95,113.25,57.62,66.65
Congo DR,313.36,157.78,91.09,47.08
Denmark,230.82,193.34,102.76,79.06
Japan,310.71,171.36,74.88,44.13
Slovenia,300.14,102.30,102.08,90.21
Russia,178.04,243.64,106.79,65.39
Saudi Arabia,381.56,121.15,53.07,37.43
Congo,267.99,173.44,92.04,41.69
Montenegro,368.56,83.38,72.82,45.74
Scotland,224.52,157.36,92.57,94.37
Mali,315.15,139.95,53.77,58.75
Cameroon,262.99,133.50,107.13,63.32
Nigeria,255.20,132.81,84.22,90.09
Morocco,364.65,115.84,35.24,46.20
South Africa,313.68,98.05,85.56,61.92
Panama,295.74,119.60,57.41,78.48
Guinea,231.77,163.79,92.85,50.70
Trinidad and Tobago,236.45,146.34,105.93,44.61
Benin,372.94,61.63,57.43,33.02
Burkina Faso,318.79,61.62,57.61,80.65
Venezuela,319.58,115.92,0.00,80.31
Guinea-Bissau,401.63,52.45,61.38,0.00
United Arab Emirates,258.77,137.71,51.35,65.63
Cape Verde Islands,113.84,200.40,115.01,79.09
Uganda,259.19,143.50,54.62,43.09
St Kitts and Nevis,310.23,105.19,56.48,0.00
Faroe Islands,275.22,189.34,0.00,4.25
Jamaica,203.08,215.47,12.36,32.88
Libya,315.92,46.82,50.53,47.96
Curaçao,364.44,51.27,36.48,0.00
Belarus,219.16,164.01,29.65,38.72
Israel,154.44,133.50,102.27,59.92
Bolivia,255.83,130.95,11.28,45.79
Norway,130.23,202.87,57.55,47.53
Antigua and Barbuda,211.44,96.29,94.99,31.94
Guatemala,263.87,70.44,90.27,9.80
China PR,220.83,114.88,55.41,28.13
Kenya,281.14,65.62,38.88,30.57
Honduras,233.25,54.14,32.09,91.86
Haiti,189.70,142.21,29.71,43.34
Azerbaijan,255.78,83.07,12.91,52.25
Bulgaria,166.53,106.73,82.89,39.33
Kazakhstan,256.37,76.26,30.89,22.78
Qatar,184.94,109.81,61.93,28.69
Equatorial Guinea,162.65,180.25,23.61,13.59
Togo,181.39,49.48,92.57,51.45
Zambia,162.96,131.75,45.94,33.73
Mozambique,224.53,49.20,60.37,25.31
Syria,224.17,93.04,19.35,20.04
Sierra Leone,221.17,43.70,46.48,41.01
Lithuania,199.42,46.58,66.63,34.75
Kyrgyz Republic,190.52,97.54,19.10,35.69
Malawi,163.63,105.50,50.23,18.89
Finland,35.53,164.31,68.44,68.73
Botswana,163.55,85.09,48.26,40.09
Chad,251.18,50.36,32.77,0.00
Liberia,143.44,137.24,22.83,28.79
Jordan,121.19,100.94,55.19,54.22
Swaziland,199.01,104.14,24.01,3.29
Rwanda,147.93,90.56,68.32,18.61
Central African Republic,217.18,101.58,6.45,0.00
Nicaragua,168.58,146.15,0.00,9.94
Zimbabwe,167.49,85.47,46.19,23.97
Gabon,91.84,113.16,82.69,35.18
Canada,178.20,107.45,25.38,11.76
Iraq,121.59,100.49,68.11,23.76
Turkmenistan,167.88,97.54,19.35,24.25
Mauritania,124.10,117.11,35.15,31.33
New Zealand,239.28,13.77,6.93,46.45
Latvia,128.58,90.12,58.53,29.02
Namibia,162.28,74.34,44.01,19.53
Estonia,112.45,101.51,59.37,25.39
Palestine,164.62,42.04,60.37,17.61
Dominican Republic,180.29,0.00,45.63,55.33
Georgia,142.56,88.64,29.93,14.78
Bahrain,121.23,69.68,52.78,28.62
Philippines,153.00,58.47,35.19,24.08
Armenia,119.96,31.47,29.32,89.20
Korea DPR,161.20,85.27,0.00,20.44
Ethiopia,132.73,66.85,27.48,39.69
Niger,103.87,106.51,33.81,17.91
Oman,85.64,79.93,58.16,35.96
Luxembourg,146.91,43.78,31.45,30.09
Guyana,154.82,59.59,6.38,26.40
Yemen,207.83,25.76,10.73,0.00
Madagascar,97.51,101.83,44.12,0.00
Angola,64.15,88.59,53.71,29.22
El Salvador,52.06,87.48,50.28,42.09
Vietnam,132.88,50.59,37.06,10.77
India,168.56,29.22,13.57,18.92
Burundi,61.02,112.55,27.24,27.81
Cyprus,0.00,134.18,72.95,21.31
Hong Kong,125.80,70.13,7.40,23.95
Tajikistan,147.37,27.99,19.72,31.48
Cuba,53.13,84.58,7.83,80.34
Comoros,174.96,26.99,19.25,1.72
Tanzania,88.23,49.51,49.06,25.38
Afghanistan,120.28,27.15,28.38,32.01
Thailand,102.47,79.73,4.75,19.93
Suriname,170.85,0.00,14.30,19.54
Sudan,58.41,74.59,58.88,12.06
Lebanon,100.31,50.28,29.43,21.57
Lesotho,99.06,28.02,51.18,22.93
Mauritius,132.78,50.58,0.00,10.71
Puerto Rico,141.90,38.17,13.77,0.00
São Tomé e Príncipe,118.58,58.65,0.00,0.00
Grenada,85.00,33.24,17.73,35.80
FYR Macedonia,62.37,23.54,38.54,43.00
Myanmar,85.11,23.72,36.50,20.15
Barbados,63.75,58.79,40.55,0.00
Maldives,89.55,22.77,32.80,16.08
Papua New Guinea,152.20,0.00,0.00,0.00
Aruba,0.00,96.90,50.04,0.00
Chinese Taipei,110.97,27.25,0.00,6.73
St Vincent and the Grenadines,0.00,57.35,53.85,31.02
Belize,0.00,124.31,0.00,16.51
Kosovo,134.74,0.00,0.00,0.00
Malaysia,70.90,31.47,18.73,13.53
New Caledonia,112.32,0.00,0.00,15.81
St Lucia,0.00,54.54,32.24,36.59
Kuwait,0.00,60.18,33.49,29.70
Cambodia,81.73,28.48,12.75,0.00
South Sudan,0.00,111.56,11.09,0.00
Singapore,29.75,61.76,12.81,17.68
Tahiti,106.25,0.00,0.00,13.52
Moldova,24.75,16.91,27.96,49.31
Dominica,63.75,38.20,8.47,0.00
Laos,62.05,11.20,21.76,11.61
Gambia,39.95,47.76,0.00,18.58
Vanuatu,102.71,0.00,0.00,0.00
Malta,18.81,48.92,7.50,21.69
Indonesia,35.53,25.78,19.89,12.03
Bhutan,53.13,39.84,0.00,0.00
Fiji,67.29,25.50,0.00,0.00
Guam,0.00,55.99,19.28,10.44
Liechtenstein,0.00,52.11,16.65,11.80
Seychelles,45.54,13.96,19.53,0.00
Bermuda,0.00,76.96,0.00,0.00
Timor-Leste,0.00,63.75,10.56,0.00
Nepal,48.57,14.88,0.00,10.54
Bangladesh,35.42,23.28,2.58,11.79
American Samoa,0.00,63.75,0.00,0.00
Cook Islands,0.00,63.75,0.00,0.00
Samoa,0.00,63.75,0.00,0.00
Brunei Darussalam,25.50,31.88,0.00,0.00
Solomon Islands,55.78,0.00,0.00,0.00
Sri Lanka,21.25,4.25,7.65,15.05
US Virgin Islands,0.00,43.99,0.00,0.00
Macau,17.00,10.63,12.80,0.00
Pakistan,0.00,25.42,0.00,13.21
Montserrat,0.00,10.63,19.80,0.00
Cayman Islands,0.00,21.25,0.00,0.00
Turks and Caicos Islands,0.00,0.00,19.80,0.00
San Marino,0.00,17.33,0.00,0.00
Mongolia,8.50,0.00,0.00,4.30
Andorra,9.48,0.00,0.00,1.93
British Virgin Islands,0.00,10.63,0.00,0.00
Anguilla,0.00,0.00,0.00,0.00
Bahamas,0.00,0.00,0.00,0.00
Djibouti,0.00,0.00,0.00,0.00
Eritrea,0.00,0.00,0.00,0.00
Gibraltar,0.00,0.00,0.00,0.00
Somalia,0.00,0.00,0.00,0.00
Tonga,0.00,0.00,0.00,0.00
