Team,Ranking1,Ranking2,Ranking3,Ranking4
Germany,863.86,376.34,143.60,218.11
Brazil,708.30,439.61,175.41,159.21
Portugal,744.16,308.92,190.76,114.05
Argentina,510.42,451.62,198.80,187.52
Belgium,626.00,300.00,229.48,169.81
Spain,657.78,253.96,235.01,84.08
Poland,639.96,351.13,130.62,87.24
Switzerland,637.56,301.08,147.06,104.73
France,524.56,431.45,87.23,140.06
Chile,458.23,369.86,229.01,104.75
Peru,654.93,319.26,113.17,40.77
Denmark,784.52,144.99,93.21,76.11
Colombia,405.19,373.26,137.95,161.19
Italy,516.96,298.90,132.73,103.90
England,479.31,284.28,178.73,104.66
Mexico,522.73,287.74,132.29,89.57
Croatia,461.63,316.27,148.01,92.00
Sweden,659.74,151.28,139.08,47.72
Wales,405.94,305.07,186.90,86.65
Netherlands,502.07,181.10,92.47,176.86
Uruguay,337.05,310.10,159.69,117.17
Iceland,467.40,245.04,110.03,87.08
Senegal,467.10,229.59,93.92,93.30
USA,488.00,211.07,102.50,65.46
Northern Ireland,457.90,168.49,153.02,87.51
Costa Rica,337.61,315.69,74.44,121.93
Tunisia,462.33,185.78,80.22,110.00
Slovakia,372.92,193.58,122.71,127.71
Austria,410.57,102.51,192.59,109.74
Paraguay,467.50,183.59,131.88,29.13
Egypt,457.64,210.52,92.63,44.53
Republic of Ireland,349.86,223.60,174.95,49.66
IR Iran,405.04,234.07,115.92,42.75
Scotland,552.19,98.23,74.28,73.06
Ukraine,402.44,181.81,116.14,80.87
Serbia,450.37,172.31,88.82,44.10
Bosnia and Herzegovina,347.63,183.53,152.03,69.34
Australia,426.07,180.29,131.49,9.50
Congo DR,414.41,165.33,96.01,64.26
Morocco,448.35,177.16,84.18,28.23
Romania,376.42,95.59,139.57,125.10
Turkey,297.89,181.70,202.13,53.56
Bulgaria,470.88,129.94,67.89,50.18
Burkina Faso,418.08,204.13,33.70,48.79
Cameroon,437.46,114.52,73.32,70.28
Montenegro,408.38,184.28,35.08,53.67
Greece,368.16,170.31,75.50,65.69
Czech Republic,330.00,117.07,110.48,119.32
Bolivia,499.69,69.79,86.69,17.77
Ghana,361.48,111.99,121.97,62.03
Nigeria,349.81,170.69,57.22,61.94
Venezuela,381.64,187.92,69.55,0.00
Hungary,199.79,183.37,188.50,58.36
Jamaica,378.46,88.11,112.18,46.63
Panama,346.99,155.04,80.92,37.96
Haiti,351.05,144.82,66.89,44.41
Japan,268.99,179.07,103.40,48.10
Algeria,235.24,136.89,110.08,106.09
Norway,350.74,71.63,103.41,47.52
Korea Republic,213.57,200.54,118.01,37.61
Côte d'Ivoire,186.97,142.57,159.33,72.90
Albania,233.86,119.82,120.16,78.78
Saudi Arabia,246.75,186.47,83.85,26.31
Russia,228.71,85.31,150.28,69.22
Guinea,271.93,93.50,77.59,88.50
Finland,350.74,15.99,126.76,37.94
Cape Verde Islands,314.65,26.56,119.28,69.15
Honduras,324.68,146.22,33.88,20.43
Slovenia,235.66,157.22,75.57,53.27
Ecuador,50.36,201.31,178.22,78.41
China PR,280.77,111.35,77.36,28.29
Mali,214.63,162.25,68.78,47.57
United Arab Emirates,213.96,135.95,97.84,28.46
Zambia,254.36,83.09,60.05,70.16
Uganda,194.00,108.82,98.23,47.14
FYR Macedonia,386.10,12.44,24.63,22.48
Syria,259.07,110.09,62.64,10.20
Uzbekistan,164.90,165.64,74.02,36.00
Iraq,288.23,45.85,70.65,32.90
Palestine,309.28,45.73,46.33,32.33
South Africa,189.79,118.36,61.36,63.27
Benin,155.72,155.55,77.90,38.29
Luxembourg,295.96,52.38,38.16,20.97
Curaçao,164.23,182.22,41.01,19.04
Lebanon,310.25,33.28,40.71,19.64
Guinea-Bissau,130.05,200.81,31.47,40.92
Trinidad and Tobago,162.14,70.51,105.06,63.96
Libya,194.37,108.38,62.93,33.34
Estonia,247.90,48.24,57.55,42.84
Armenia,215.43,127.78,22.03,17.38
Cyprus,214.88,30.94,75.36,52.29
Belarus,129.22,111.13,104.07,27.84
Gabon,208.96,44.28,58.31,58.38
Canada,214.51,53.28,76.41,25.20
Faroe Islands,129.94,114.68,64.97,54.05
Congo,99.03,93.96,107.98,61.04
Sierra Leone,190.06,110.59,34.96,24.10
Israel,60.11,159.02,36.17,99.88
Mauritania,193.66,81.24,55.63,23.43
El Salvador,248.20,19.52,54.35,29.74
Oman,222.58,50.79,50.04,27.92
Qatar,117.24,105.30,71.79,34.36
Zimbabwe,151.36,89.04,52.98,29.79
Georgia,174.62,77.78,52.68,16.63
India,215.81,75.93,26.21,1.72
Kenya,121.64,112.65,61.42,21.32
Jordan,168.39,54.68,66.94,22.92
Madagascar,182.36,38.25,59.47,29.41
Niger,179.35,44.23,63.56,22.24
Mozambique,139.07,80.18,45.85,38.95
St Kitts and Nevis,64.18,150.58,50.99,37.66
Vietnam,180.98,56.24,36.34,24.53
Rwanda,89.25,87.41,42.26,75.91
Turkmenistan,184.52,31.88,62.40,12.90
Bahrain,155.88,58.65,47.53,20.33
Kyrgyz Republic,148.75,46.20,74.04,13.39
Azerbaijan,98.77,118.61,55.41,8.52
Namibia,96.33,108.00,37.56,32.45
Nicaragua,130.96,45.56,96.47,0.00
Yemen,169.29,63.75,24.80,10.21
New Zealand,125.16,114.66,19.07,8.43
Togo,86.56,99.69,28.53,51.43
Central African Republic,91.80,108.59,60.95,4.30
Philippines,126.44,70.03,44.86,21.57
Malawi,86.79,81.81,44.96,46.15
Tajikistan,147.76,67.76,26.65,13.15
Korea DPR,114.02,62.16,68.06,10.83
Suriname,155.55,85.43,0.00,4.25
Guatemala,0.00,136.63,45.68,60.18
Thailand,100.06,55.74,60.31,20.27
Comoros,124.76,71.33,25.69,12.83
Latvia,75.63,64.29,54.07,39.02
Swaziland,39.83,104.42,62.83,18.19
Liberia,60.69,86.06,61.76,15.22
Chinese Taipei,148.75,56.31,16.73,1.47
Sudan,108.12,40.89,37.29,34.64
Kazakhstan,41.37,109.87,50.84,18.02
Andorra,210.07,4.74,0.00,0.00
Antigua and Barbuda,0.00,90.62,65.66,53.18
Myanmar,133.61,25.09,23.33,20.68
Angola,99.62,20.34,40.42,40.22
Burundi,84.11,42.71,49.11,21.27
Ethiopia,56.31,78.96,40.82,19.86
Hong Kong,85.51,38.58,56.33,8.56
Lesotho,89.21,50.62,19.67,28.87
Equatorial Guinea,25.50,36.72,109.31,15.74
Tanzania,103.38,7.14,34.97,36.97
Afghanistan,93.77,44.20,24.23,18.92
Lithuania,20.63,88.63,28.22,41.48
Botswana,26.07,51.43,62.07,32.75
Solomon Islands,114.11,38.25,0.00,0.00
Tahiti,63.75,85.00,0.00,0.00
South Sudan,73.36,0.00,66.94,7.40
New Caledonia,92.08,53.60,0.00,0.00
Maldives,53.13,48.22,11.95,30.62
Barbados,49.58,31.88,35.27,27.03
Vanuatu,86.02,44.63,10.20,0.00
Belize,60.35,0.00,74.59,0.00
Mauritius,36.88,66.39,30.35,0.00
Papua New Guinea,65.03,60.88,0.00,0.00
Grenada,50.36,42.50,19.94,11.82
Indonesia,62.39,38.21,7.65,13.01
Dominican Republic,0.00,90.14,0.00,30.42
Gambia,70.89,19.98,28.66,0.00
Guyana,0.00,77.41,35.75,4.25
Puerto Rico,8.50,70.95,22.90,9.18
Moldova,59.09,24.44,10.15,17.02
Fiji,56.18,36.13,17.85,0.00
Chad,0.00,0.00,87.98,21.84
Dominica,51.00,31.88,22.92,3.76
Nepal,56.67,36.13,8.93,0.00
Singapore,32.64,18.83,39.21,10.34
Cambodia,35.42,37.19,18.60,8.50
Malaysia,22.42,39.49,23.18,13.98
St Vincent and the Grenadines,34.00,0.00,28.68,35.90
St Lucia,42.50,0.00,32.72,23.33
Kosovo,30.12,67.37,0.00,0.00
São Tomé e Príncipe,0.00,59.29,35.19,0.00
Aruba,0.00,0.00,58.14,33.36
Cuba,0.00,31.88,32.78,26.31
Liechtenstein,45.20,0.00,12.62,28.29
Laos,21.25,43.35,7.94,9.77
Bermuda,25.50,0.00,46.17,0.00
Malta,28.29,8.23,17.72,11.63
Macau,21.25,29.22,6.38,8.53
Djibouti,63.75,0.00,0.00,0.00
Mongolia,0.00,17.00,38.25,0.00
Bhutan,0.00,35.42,19.13,0.00
Kuwait,0.00,0.00,33.61,18.70
Brunei Darussalam,0.00,21.25,19.13,5.10
Timor-Leste,41.82,1.93,0.00,0.00
Seychelles,7.08,22.77,8.38,5.10
Guam,0.00,0.00,31.66,10.96
American Samoa,0.00,0.00,38.25,0.00
Cook Islands,0.00,0.00,38.25,0.00
Samoa,0.00,0.00,38.25,0.00
Bangladesh,0.00,16.82,11.74,8.52
US Virgin Islands,0.00,0.00,26.39,0.00
Montserrat,0.00,0.00,6.38,13.20
Sri Lanka,0.00,9.44,0.00,6.80
Pakistan,0.00,0.00,15.25,0.00
Turks and Caicos Islands,0.00,0.00,0.00,13.20
Cayman Islands,0.00,0.00,12.75,0.00
San Marino,0.00,0.00,0.00,11.09
British Virgin Islands,0.00,0.00,6.38,0.00
Anguilla,0.00,0.00,0.00,0.00
Bahamas,0.00,0.00,0.00,0.00
Eritrea,0.00,0.00,0.00,0.00
Gibraltar,0.00,0.00,0.00,0.00
Somalia,0.00,0.00,0.00,0.00
Tonga,0.00,0.00,0.00,0.00
