Team,Ranking1,Ranking2,Ranking3,Ranking4
Germany,1038.02,283.32,225.30,122.19
Argentina,949.24,291.82,242.96,80.49
Colombia,790.30,318.08,218.91,92.91
Belgium,778.13,359.11,164.99,85.85
Netherlands,860.24,281.34,119.04,113.91
Brazil,799.92,312.06,117.44,77.87
France,748.38,202.62,135.68,104.55
Uruguay,622.61,308.45,124.30,128.75
Portugal,662.42,220.37,193.67,98.23
Spain,395.19,363.42,229.18,130.82
Italy,472.98,274.80,185.58,130.43
Switzerland,484.33,334.81,150.26,93.75
Chile,539.82,315.79,112.35,91.81
Croatia,549.33,181.17,173.56,97.73
Algeria,606.95,153.58,162.10,66.48
Costa Rica,587.47,258.84,75.28,52.43
Mexico,508.55,186.28,164.08,95.57
Greece,460.01,236.06,141.29,108.53
Ukraine,490.10,302.15,91.66,36.26
England,392.41,248.20,180.47,98.24
Romania,475.21,218.68,117.36,64.46
Czech Republic,468.32,196.25,156.33,48.65
USA,337.65,342.47,122.21,59.63
Slovakia,622.87,114.93,86.34,36.79
Côte d'Ivoire,378.90,218.69,155.90,88.40
Bosnia and Herzegovina,346.68,280.64,89.90,119.95
Ecuador,358.88,200.18,205.58,61.35
Iceland,485.96,219.72,75.50,34.36
Austria,522.10,180.88,75.04,31.79
Russia,355.96,163.48,182.00,90.26
Tunisia,463.62,168.18,100.84,47.85
Denmark,342.54,197.65,100.06,122.96
Cape Verde Islands,383.36,197.72,77.08,57.71
Wales,375.21,186.22,60.30,93.67
Ghana,274.98,237.37,119.33,53.06
Slovenia,340.28,225.53,55.59,61.94
Scotland,308.55,235.92,58.37,71.56
Egypt,393.19,145.32,70.64,48.67
Sweden,208.01,212.21,104.79,120.90
Cameroon,357.10,158.30,73.54,47.84
Senegal,366.78,134.24,49.30,84.43
Nigeria,280.72,225.22,74.62,51.23
Northern Ireland,437.55,122.13,42.77,22.35
Poland,362.58,98.54,100.42,59.67
Israel,340.91,149.80,47.79,76.83
Turkey,285.42,167.92,80.34,80.59
Serbia,232.15,238.12,56.72,86.93
Albania,329.36,150.33,78.95,45.46
Trinidad and Tobago,353.11,111.51,77.79,55.54
Hungary,229.84,130.24,118.72,82.54
IR Iran,243.02,148.37,91.65,77.05
Japan,237.23,110.33,103.33,107.90
Togo,308.55,128.62,88.58,32.95
Peru,208.92,182.31,70.45,96.60
Guinea,309.50,126.75,81.57,33.81
Panama,191.36,196.21,93.53,65.06
South Africa,285.19,154.80,39.17,63.29
Mali,179.23,146.88,160.58,46.70
Bulgaria,276.32,98.32,130.11,26.88
Congo DR,303.62,117.69,73.58,26.14
Republic of Ireland,237.44,104.85,84.34,92.47
Congo,306.80,104.22,88.45,12.90
Finland,228.13,171.83,59.95,50.25
Montenegro,242.72,114.34,103.39,44.03
Uzbekistan,192.07,166.63,81.50,57.48
Korea Republic,202.52,102.08,100.03,91.14
Gabon,275.64,87.95,100.28,23.05
Norway,191.83,118.82,96.78,73.36
Honduras,106.95,229.66,88.77,54.80
Antigua and Barbuda,316.63,79.86,26.61,55.03
Burkina Faso,192.03,201.62,34.15,41.69
Guatemala,300.90,24.51,91.82,48.40
Libya,168.43,119.91,91.60,60.11
Jordan,183.98,135.56,61.76,53.01
Armenia,97.74,223.00,37.44,73.56
Paraguay,121.23,136.55,94.33,70.54
Sierra Leone,154.93,102.52,82.08,81.70
Zambia,153.15,84.33,134.68,45.49
United Arab Emirates,171.15,164.09,53.86,23.44
Dominican Republic,152.09,138.34,72.60,42.41
Iraq,227.04,59.40,62.84,43.82
El Salvador,167.59,105.22,59.37,59.49
Oman,193.88,89.91,77.80,29.46
Uganda,182.06,107.72,70.75,28.74
Venezuela,28.86,200.77,83.64,74.48
Benin,191.44,82.56,96.11,4.73
Angola,179.02,73.04,76.98,44.02
Estonia,197.89,63.47,44.59,63.38
China PR,184.71,70.33,58.58,55.34
Morocco,117.46,115.50,63.69,71.87
Qatar,206.42,71.73,45.81,44.56
Lithuania,222.11,86.88,33.51,21.83
Haiti,99.03,108.34,107.32,45.48
Australia,87.59,104.15,85.28,82.25
Rwanda,227.74,46.52,49.13,32.78
Cyprus,243.15,53.28,33.86,17.74
Mozambique,201.24,63.27,54.02,22.13
Saudi Arabia,176.91,93.58,45.71,24.45
FYR Macedonia,128.46,107.50,80.58,23.73
Latvia,195.10,72.55,31.03,41.50
Zimbabwe,153.96,59.92,49.30,66.41
Botswana,160.85,100.22,23.85,38.00
Bolivia,37.60,114.46,138.62,19.43
Bahrain,175.93,71.56,37.72,23.12
St Vincent and the Grenadines,179.51,51.86,51.69,18.46
Belarus,98.85,96.81,65.25,39.98
Sudan,196.28,30.16,40.08,31.10
Sudan,196.28,30.16,40.08,31.10
Palestine,201.22,44.02,33.30,18.15
Malawi,167.44,47.23,41.71,36.09
Tanzania,163.54,63.44,39.10,24.86
Ethiopia,91.60,99.23,71.91,26.07
Cuba,26.10,200.86,13.95,44.85
Namibia,146.69,48.82,53.65,34.90
Jamaica,41.20,82.20,87.67,72.74
St Kitts and Nevis,188.28,0.00,52.67,38.15
Kenya,129.60,76.43,48.16,18.43
Georgia,99.75,36.96,77.89,56.31
Lesotho,170.60,57.33,23.45,14.31
Moldova,93.20,123.28,34.30,11.67
Kuwait,111.62,74.25,38.27,36.75
Niger,112.70,44.76,61.85,38.29
Canada,84.60,29.41,90.12,46.43
Liberia,76.11,71.96,57.97,42.96
Lebanon,98.10,53.93,69.12,25.18
Equatorial Guinea,78.69,33.97,99.66,25.86
Azerbaijan,43.03,130.63,40.36,19.25
Luxembourg,104.85,75.23,17.79,35.34
Burundi,90.81,69.54,50.11,21.37
Philippines,117.30,60.20,36.94,14.30
Guinea-Bissau,204.61,0.00,13.67,7.91
New Zealand,23.09,116.12,81.49,4.24
Kazakhstan,102.98,56.94,26.49,31.27
Aruba,166.80,0.00,33.11,17.60
Tajikistan,65.75,78.69,34.42,35.10
Afghanistan,94.60,80.03,26.88,12.36
Vietnam,123.54,26.92,27.91,29.61
Myanmar,121.02,50.36,28.38,7.30
Turkmenistan,64.50,60.63,53.75,18.37
St Lucia,107.45,58.48,19.80,11.13
Mauritania,117.16,78.32,0.00,0.00
Chad,109.22,0.00,66.18,18.49
Maldives,109.34,40.21,25.11,8.69
Madagascar,147.06,0.00,19.35,13.33
Central African Republic,21.50,0.00,132.76,23.83
Grenada,59.09,89.50,0.00,27.65
Barbados,135.15,0.00,30.70,5.67
Curaçao,121.60,0.00,39.60,9.75
Korea DPR,0.00,51.10,95.31,21.65
Suriname,47.65,48.84,35.94,34.41
Kyrgyz Republic,63.65,89.23,0.00,5.16
Syria,64.50,50.10,7.74,31.26
Guyana,21.25,66.00,27.17,33.09
New Caledonia,0.00,39.53,84.79,17.96
Laos,82.90,29.03,18.06,11.12
Liechtenstein,55.51,29.50,6.43,44.40
Malaysia,62.42,33.82,18.69,18.68
Indonesia,66.29,30.08,10.16,22.18
Malta,25.00,54.23,31.05,18.39
Puerto Rico,45.90,0.00,49.90,23.58
India,45.24,47.30,18.35,7.82
Singapore,42.69,44.20,11.69,16.86
Guam,64.25,26.11,15.48,5.13
Hong Kong,24.65,59.88,15.48,8.75
Swaziland,80.04,8.23,7.74,7.18
Thailand,15.82,49.82,7.74,28.25
Tahiti,0.00,33.79,53.12,12.80
Belize,0.00,41.27,28.51,29.14
Gambia,0.00,46.44,18.06,25.84
Nicaragua,0.00,24.86,50.64,14.16
Montserrat,66.00,0.00,19.80,0.00
Seychelles,65.11,0.00,0.00,15.48
Bermuda,0.00,0.00,41.18,39.07
Comoros,64.16,4.30,0.00,11.18
Sri Lanka,25.50,37.63,7.74,5.63
São Tomé e Príncipe,0.00,0.00,72.02,0.00
Bangladesh,8.60,29.49,5.16,25.19
Turks and Caicos Islands,66.00,0.00,0.00,0.00
Yemen,35.75,0.00,16.25,9.80
Nepal,0.00,26.34,8.77,26.19
Solomon Islands,0.00,0.00,38.46,14.92
Dominica,28.23,0.00,19.80,5.06
Pakistan,0.00,33.02,8.51,9.77
Timor-Leste,35.19,0.00,15.48,0.00
Macau,42.67,0.00,2.58,3.69
Cambodia,31.88,0.00,0.00,13.86
South Sudan,36.98,0.00,5.93,0.00
Faroe Islands,0.00,10.63,0.00,31.25
Chinese Taipei,0.00,16.82,10.32,11.75
Samoa,0.00,0.00,37.19,0.00
Vanuatu,0.00,0.00,19.13,13.92
Mauritius,0.00,26.78,0.00,5.38
Fiji,0.00,0.00,12.75,17.00
Mongolia,0.00,10.75,0.00,18.06
Bahamas,0.00,0.00,0.00,26.40
Tonga,0.00,0.00,25.50,0.00
American Samoa,0.00,0.00,25.50,0.00
US Virgin Islands,0.00,0.00,0.00,20.11
Brunei Darussalam,0.00,0.00,15.48,0.00
Papua New Guinea,0.00,0.00,6.38,6.80
Eritrea,0.00,0.00,11.35,0.00
Cayman Islands,0.00,0.00,9.50,0.00
Andorra,0.00,4.81,3.90,0.00
Somalia,0.00,0.00,8.39,0.00
British Virgin Islands,0.00,0.00,7.92,0.00
Djibouti,0.00,0.00,6.45,0.00
Cook Islands,0.00,0.00,6.38,0.00
Anguilla,0.00,0.00,0.00,1.76
Bhutan,0.00,0.00,0.00,0.00
San Marino,0.00,0.00,0.00,0.00
