Team,Ranking1,Ranking2,Ranking3,Ranking4
Germany,863.86,376.34,143.60,218.11
Brazil,708.30,439.61,175.41,159.21
Portugal,744.16,308.92,190.76,114.05
Argentina,510.42,451.62,198.80,187.52
Belgium,626.00,300.00,229.48,169.81
Spain,657.78,253.96,235.01,84.08
Poland,639.96,351.13,130.62,87.24
Switzerland,637.56,301.08,147.06,104.73
France,524.56,431.45,87.23,140.06
Chile,458.23,369.86,229.01,104.75
Peru,654.93,319.26,113.17,40.77
Denmark,784.52,144.99,93.21,76.11
Colombia,405.19,373.26,137.95,161.19
Italy,516.96,298.90,132.73,103.90
England,479.31,284.28,178.73,104.66
Mexico,522.73,287.74,132.29,89.57
Croatia,461.63,316.27,148.01,92.00
Sweden,659.74,151.28,139.08,47.72
Wales,405.94,305.07,186.90,86.65
Netherlands,502.07,181.10,92.47,176.86
Uruguay,337.05,310.10,159.69,117.17
Iceland,467.40,245.04,110.03,87.08
Senegal,467.10,229.59,93.92,93.30
USA,488.00,211.07,102.50,65.46
Northern Ireland,457.90,168.49,153.02,87.51
Costa Rica,337.61,315.69,74.44,121.93
Tunisia,462.33,185.78,80.22,110.00
Slovakia,372.92,193.58,122.71,127.71
Austria,410.57,102.51,192.59,109.74
Paraguay,467.50,183.59,131.88,29.13
Egypt,457.64,210.52,92.63,44.53
Republic of Ireland,349.86,223.60,174.95,49.66
IR Iran,405.04,234.07,115.92,42.75
Scotland,552.19,98.23,74.28,73.06
Ukraine,402.44,181.81,116.14,80.87
Congo DR,438.32,165.33,96.01,64.26
Serbia,450.37,172.31,88.82,44.10
Bosnia and Herzegovina,347.63,183.53,152.03,69.34
Australia,426.07,180.29,131.49,9.50
Morocco,448.35,177.16,84.18,28.23
Romania,376.42,95.59,139.57,125.10
Turkey,297.89,181.70,202.13,53.56
Bulgaria,470.88,129.94,67.89,50.18
Burkina Faso,418.08,204.13,33.70,48.79
Cameroon,437.46,114.52,73.32,70.28
Montenegro,408.38,184.28,35.08,53.67
Greece,368.16,170.31,75.50,65.69
Czech Republic,330.00,117.07,110.48,119.32
Bolivia,499.69,69.79,86.69,17.77
Nigeria,381.21,170.69,57.22,61.94
Ghana,361.48,111.99,121.97,62.03
Venezuela,381.64,187.92,69.55,0.00
Hungary,199.79,183.37,188.50,58.36
Jamaica,378.46,88.11,112.18,46.63
Japan,292.06,179.07,103.40,48.10
Panama,346.99,155.04,80.92,37.96
Haiti,351.05,144.82,66.89,44.41
Norway,350.74,71.63,103.41,47.52
Korea Republic,206.83,200.54,118.01,37.61
China PR,345.71,111.35,73.91,29.64
Côte d'Ivoire,186.97,142.57,149.37,78.51
Albania,233.86,119.82,120.16,78.78
Saudi Arabia,246.75,186.47,76.86,28.71
Algeria,183.71,136.89,110.08,106.09
Russia,228.71,85.31,150.28,69.22
Guinea,271.93,93.50,77.59,88.50
Finland,350.74,15.99,126.76,37.94
Cape Verde Islands,314.65,26.56,119.28,69.15
Slovenia,235.66,157.22,75.57,53.27
Honduras,324.68,145.66,30.58,20.43
Ecuador,50.36,201.31,178.22,78.41
Mali,214.63,162.25,68.78,47.57
United Arab Emirates,213.96,135.95,97.13,26.57
Uganda,220.07,108.82,98.23,43.84
Zambia,254.36,83.09,60.05,51.48
FYR Macedonia,386.10,12.44,24.63,22.48
Libya,237.72,108.38,62.93,33.34
Syria,259.07,110.09,62.64,10.20
Iraq,288.23,45.85,70.65,32.90
Uzbekistan,164.90,165.64,74.58,32.33
South Africa,189.79,118.36,64.55,61.06
Benin,155.72,155.55,77.90,38.29
Palestine,309.28,45.73,35.49,36.26
Luxembourg,295.96,52.38,38.16,20.97
Estonia,257.89,48.24,57.55,42.84
Curaçao,164.23,182.22,41.01,19.04
Lebanon,310.25,33.28,40.71,19.64
Guinea-Bissau,130.05,200.81,31.47,40.92
Trinidad and Tobago,162.14,70.51,105.06,63.96
Armenia,215.43,127.78,22.03,17.38
Cyprus,214.88,30.94,75.36,52.29
Belarus,129.22,111.13,104.07,27.84
Gabon,208.96,44.28,58.31,58.38
Canada,214.51,53.28,76.41,25.20
Faroe Islands,129.94,114.68,64.97,54.05
Congo,99.03,93.96,107.98,61.04
Sierra Leone,190.06,110.59,34.96,24.10
Israel,60.11,159.02,36.17,99.88
Mauritania,193.66,81.24,55.63,23.43
El Salvador,248.20,19.52,54.35,29.74
Oman,222.58,50.79,46.91,29.91
Qatar,125.61,105.30,71.80,33.51
Zimbabwe,151.36,89.04,52.98,29.79
Georgia,174.62,77.78,52.68,16.63
India,215.81,75.93,26.21,1.72
Nicaragua,130.96,84.29,100.22,0.00
Jordan,168.39,54.68,63.00,24.55
Madagascar,182.36,38.25,59.47,29.41
Niger,179.35,44.23,63.56,22.24
Mozambique,139.07,80.18,45.85,38.95
Kenya,100.30,112.65,61.42,25.92
Turkmenistan,184.52,31.88,62.40,12.90
St Kitts and Nevis,51.51,150.58,50.99,37.66
Korea DPR,141.90,62.16,68.06,10.83
Bahrain,155.88,58.65,47.53,20.33
Kyrgyz Republic,148.75,46.20,74.04,13.39
Azerbaijan,98.77,118.61,55.41,8.52
Philippines,142.11,78.78,34.29,24.77
Namibia,96.33,108.00,37.56,32.45
Rwanda,91.44,87.41,42.26,48.13
Yemen,169.29,63.75,24.80,10.21
New Zealand,125.16,114.66,19.07,8.43
Togo,86.56,99.69,28.53,51.43
Central African Republic,91.80,108.59,60.95,4.30
Vietnam,138.34,65.77,34.81,26.26
Malawi,86.79,81.81,44.96,46.15
Tajikistan,147.76,67.76,26.65,13.15
Suriname,155.55,85.43,0.00,4.25
Guatemala,0.00,136.63,45.68,60.18
Comoros,124.76,71.33,25.69,12.83
Latvia,75.63,64.29,54.07,39.02
Thailand,106.77,54.21,50.54,18.79
Swaziland,39.83,104.42,62.83,18.19
Liberia,60.69,86.06,61.76,15.22
Chinese Taipei,146.20,56.31,16.73,1.47
Kazakhstan,41.37,109.87,50.84,18.02
Sudan,108.12,40.89,37.29,32.71
Burundi,105.90,42.71,49.11,18.16
Andorra,210.07,4.74,0.00,0.00
Antigua and Barbuda,0.00,90.62,65.66,53.18
Angola,99.62,20.34,40.42,40.22
Tanzania,119.20,7.14,34.97,32.16
Hong Kong,85.51,38.58,56.33,8.56
Lesotho,89.21,50.62,19.67,28.87
Equatorial Guinea,25.50,36.72,109.31,15.74
Ethiopia,49.02,78.96,40.82,18.47
Afghanistan,93.77,44.20,24.23,18.92
Lithuania,20.63,88.63,28.22,41.48
Solomon Islands,140.60,38.25,0.00,0.00
Myanmar,110.32,21.70,19.74,24.44
Botswana,29.33,51.43,62.07,32.75
South Sudan,97.26,0.00,66.94,7.40
Tahiti,63.75,85.00,0.00,0.00
Indonesia,91.80,24.23,15.30,13.07
Barbados,49.58,31.88,35.27,27.03
New Caledonia,85.00,53.60,0.00,0.00
Maldives,53.13,48.22,11.95,21.87
Belize,60.35,0.00,74.59,0.00
Mauritius,36.88,66.39,30.35,0.00
Grenada,57.56,42.50,19.94,11.82
Papua New Guinea,65.03,60.88,0.00,0.00
Dominican Republic,0.00,90.14,0.00,30.42
Gambia,70.89,19.98,28.66,0.00
Guyana,0.00,77.41,35.75,4.25
Puerto Rico,8.50,70.95,22.90,9.18
Dominica,51.00,31.88,22.92,5.65
Moldova,59.09,24.44,10.15,17.02
Chad,0.00,0.00,87.98,21.84
St Vincent and the Grenadines,34.00,0.00,28.68,35.90
Nepal,56.67,32.84,8.92,0.00
Cuba,0.00,26.56,45.07,26.31
Singapore,29.67,20.40,36.88,10.85
Cambodia,28.98,42.50,18.60,7.65
Kosovo,30.12,67.37,0.00,0.00
Malaysia,17.94,46.08,19.05,13.67
St Lucia,42.50,0.00,32.72,21.49
São Tomé e Príncipe,0.00,59.29,35.19,0.00
Fiji,39.46,36.13,17.85,0.00
Aruba,0.00,0.00,58.14,33.36
Bermuda,25.50,0.00,46.17,0.00
Malta,28.29,8.23,17.72,11.63
Macau,21.25,29.22,6.38,8.53
Djibouti,63.75,0.00,0.00,0.00
Laos,0.00,43.35,6.72,11.94
Vanuatu,0.00,44.63,10.20,0.00
Bhutan,0.00,35.42,19.13,0.00
Liechtenstein,13.01,0.00,12.62,28.29
Kuwait,0.00,0.00,33.61,18.70
Seychelles,7.08,22.77,8.38,13.02
Brunei Darussalam,0.00,21.25,19.13,5.10
Guam,0.00,0.00,31.66,10.96
Bangladesh,0.00,20.43,9.33,8.52
Cook Islands,0.00,0.00,38.25,0.00
Samoa,0.00,0.00,38.25,0.00
American Samoa,0.00,0.00,38.25,0.00
Timor-Leste,0.00,1.93,29.75,0.00
US Virgin Islands,0.00,0.00,26.39,0.00
Montserrat,0.00,0.00,6.38,13.20
Mongolia,0.00,17.00,0.00,0.00
Sri Lanka,0.00,9.44,0.00,6.80
Pakistan,0.00,0.00,15.25,0.00
Turks and Caicos Islands,0.00,0.00,0.00,13.20
Cayman Islands,0.00,0.00,12.75,0.00
San Marino,0.00,0.00,0.00,11.09
British Virgin Islands,0.00,0.00,6.38,0.00
Anguilla,0.00,0.00,0.00,0.00
Bahamas,0.00,0.00,0.00,0.00
Eritrea,0.00,0.00,0.00,0.00
Gibraltar,0.00,0.00,0.00,0.00
Somalia,0.00,0.00,0.00,0.00
Tonga,0.00,0.00,0.00,0.00
