Team,Ranking1,Ranking2,Ranking3,Ranking4
Argentina,903.24,331.33,281.28,118.18
Brazil,879.22,292.35,238.81,133.67
Germany,752.68,239.33,327.16,113.37
Chile,739.73,381.68,157.12,125.44
Belgium,600.01,382.47,254.71,130.59
Colombia,746.52,229.92,241.79,126.46
France,862.90,145.38,210.09,87.04
Portugal,617.85,317.94,171.08,122.26
Uruguay,620.21,266.15,175.76,125.19
Spain,507.92,391.69,126.12,139.94
Switzerland,602.17,245.11,157.10,124.38
Wales,610.14,311.50,129.97,69.26
England,568.56,297.89,156.99,91.01
Croatia,632.53,246.69,137.99,86.06
Poland,702.26,217.71,130.85,38.54
Italy,597.80,221.22,155.86,107.74
Costa Rica,631.38,124.07,182.90,102.20
Mexico,575.48,220.48,134.36,81.69
Peru,638.51,188.62,61.15,77.09
Ecuador,402.61,297.04,117.61,73.18
Iceland,490.08,183.38,130.62,85.20
Netherlands,362.21,154.11,265.29,105.54
Republic of Ireland,447.20,291.59,74.49,44.37
Turkey,363.41,336.88,80.34,69.95
Slovakia,387.16,204.52,191.56,53.83
Hungary,366.73,314.16,87.54,57.88
Bosnia and Herzegovina,367.05,253.39,104.00,101.03
USA,422.15,170.84,98.19,130.82
Ukraine,363.62,193.57,121.30,125.16
IR Iran,468.14,193.21,64.13,71.26
Austria,205.01,320.98,164.61,82.90
Northern Ireland,336.98,255.03,131.27,44.04
Senegal,401.78,156.54,139.94,56.47
Côte d'Ivoire,285.14,248.96,117.77,86.39
Tunisia,371.57,133.71,165.00,67.27
Egypt,421.05,154.38,66.80,76.60
Korea Republic,401.08,196.69,56.41,45.29
Algeria,273.77,183.46,159.14,76.12
Romania,191.18,232.61,187.65,78.11
Paraguay,367.18,219.80,43.70,52.92
Sweden,302.57,231.80,71.58,69.40
Greece,340.62,125.84,98.54,109.34
Czech Republic,234.14,184.14,178.98,74.10
Serbia,344.61,148.04,66.15,88.13
Japan,358.14,172.34,72.15,41.67
Denmark,289.97,155.35,114.16,83.63
Congo DR,330.67,160.01,96.39,51.36
Australia,360.57,219.15,14.25,41.75
Albania,239.65,200.26,118.18,59.85
Burkina Faso,408.27,56.16,73.18,78.28
Nigeria,341.39,95.37,92.91,86.01
Slovenia,314.44,125.95,79.91,95.23
Ghana,223.98,203.28,93.05,90.79
Israel,318.04,60.28,149.82,66.58
Russia,170.61,250.47,103.83,67.08
Saudi Arabia,372.94,128.10,43.06,44.77
Morocco,354.31,140.29,42.35,49.75
Panama,310.08,134.87,56.94,82.22
Venezuela,375.83,115.92,0.00,89.23
South Africa,306.25,107.58,91.60,65.69
Mali,324.50,114.64,71.36,58.75
Uzbekistan,331.29,124.30,48.50,54.26
Montenegro,368.56,58.47,80.51,41.84
United Arab Emirates,271.90,161.88,39.85,63.36
Cameroon,229.04,122.20,105.42,77.70
Benin,311.10,129.84,57.43,27.52
Scotland,196.45,123.80,109.59,94.27
Guinea-Bissau,401.63,52.45,61.38,0.00
Haiti,289.64,111.49,66.62,36.80
Congo,187.91,179.97,91.56,44.67
Guinea,187.00,129.32,132.75,50.70
Bulgaria,259.88,113.14,75.27,43.70
Uganda,217.63,163.72,65.75,41.16
Belarus,222.26,173.45,41.76,32.30
Curaçao,364.44,68.35,28.56,5.28
Jamaica,176.22,186.97,69.94,27.82
Honduras,291.32,50.97,30.64,87.88
Trinidad and Tobago,141.02,175.10,95.94,42.24
Guatemala,273.26,76.13,90.27,10.70
Cape Verde Islands,53.13,198.80,103.73,87.00
St Kitts and Nevis,301.16,84.99,56.48,0.00
Antigua and Barbuda,211.44,109.44,79.77,31.94
China PR,222.70,123.18,44.45,32.47
Faroe Islands,229.35,108.28,81.08,3.78
Norway,143.25,172.34,71.28,35.07
Libya,216.75,104.88,50.00,45.82
Armenia,255.57,36.71,26.06,93.71
Qatar,210.60,119.67,50.27,28.03
Kenya,225.29,102.37,38.88,30.57
Azerbaijan,237.22,92.35,12.78,43.80
Zambia,166.18,100.08,77.22,30.74
Togo,199.37,47.55,77.14,50.12
Finland,31.98,211.26,56.91,67.47
Syria,220.19,104.40,15.30,23.00
Bolivia,139.58,144.48,26.65,47.81
Sierra Leone,221.17,58.26,36.15,41.01
Kazakhstan,219.75,84.73,27.03,22.78
Namibia,216.01,62.61,48.68,19.56
Nicaragua,168.58,167.03,0.00,9.94
Swaziland,208.85,104.71,27.29,2.06
Rwanda,174.83,70.43,72.19,19.03
Zimbabwe,178.08,88.31,44.68,23.24
Malawi,163.63,74.94,69.22,18.89
Liberia,172.13,102.93,22.83,28.79
Central African Republic,217.18,101.58,6.45,0.00
Lithuania,177.27,47.03,62.23,37.35
Mauritania,162.47,92.72,35.15,31.33
Mozambique,160.37,76.41,58.43,24.47
Jordan,109.37,105.00,36.83,61.41
New Zealand,229.31,31.79,12.64,37.08
Gabon,88.55,97.19,87.58,35.04
Latvia,128.58,90.12,58.53,26.38
Botswana,102.85,103.46,49.12,40.09
Equatorial Guinea,73.44,182.19,23.61,13.59
Ethiopia,157.92,68.04,27.70,37.60
Cyprus,61.88,125.61,78.44,24.36
Philippines,174.01,57.14,37.16,21.13
Canada,106.56,127.36,37.80,9.80
Georgia,155.55,87.81,24.94,12.64
Iraq,91.69,117.75,49.35,19.82
Korea DPR,124.31,113.43,16.25,20.44
Oman,101.58,78.19,44.87,41.06
Estonia,77.39,95.92,64.27,27.97
Kyrgyz Republic,92.41,123.40,20.09,29.37
Cuba,53.13,75.12,39.46,95.98
Dominican Republic,180.29,0.00,45.63,36.59
Bahrain,117.30,79.21,30.50,32.07
Niger,88.46,105.94,33.37,18.45
Vietnam,131.54,58.01,39.38,6.23
Thailand,106.68,84.24,28.18,15.51
Tajikistan,135.53,44.41,19.72,31.48
Luxembourg,104.75,63.61,31.45,30.09
Palestine,91.46,59.15,54.38,17.47
Burundi,85.43,81.85,27.24,27.81
Guyana,154.82,59.59,6.38,0.00
Madagascar,76.50,99.11,44.12,0.00
India,151.87,43.68,2.58,18.82
El Salvador,39.05,90.59,44.61,42.09
Comoros,142.66,42.82,19.25,1.72
Sudan,81.77,62.16,49.07,12.06
Hong Kong,77.16,93.89,12.85,20.99
Lesotho,101.24,32.79,43.31,24.36
Turkmenistan,63.75,103.99,19.35,12.90
Angola,40.68,67.36,60.33,30.26
Mauritius,132.78,50.58,0.00,10.71
Puerto Rico,141.90,38.17,13.77,0.00
Afghanistan,88.40,40.38,28.38,32.01
Lebanon,66.56,67.85,29.45,21.36
Yemen,127.50,41.33,15.31,0.00
Tahiti,170.00,0.00,0.00,13.52
Suriname,170.85,0.00,6.38,5.28
Chad,0.00,146.63,32.77,0.00
São Tomé e Príncipe,118.58,58.65,0.00,0.00
Maldives,96.44,19.92,32.80,16.08
Barbados,63.75,58.79,40.55,0.00
Malaysia,92.15,31.75,20.51,13.22
Grenada,85.00,33.24,17.73,13.62
Chinese Taipei,112.63,27.89,2.21,6.73
Aruba,0.00,96.90,50.04,0.00
Tanzania,14.28,58.29,48.24,24.76
Belize,0.00,124.31,0.00,16.51
FYR Macedonia,24.87,41.06,33.72,38.67
Singapore,44.51,61.47,14.03,17.68
Moldova,48.88,16.91,25.54,46.32
Kosovo,134.74,0.00,0.00,0.00
Myanmar,43.40,32.90,34.34,20.15
Laos,86.70,11.20,17.91,13.86
Cambodia,85.00,30.99,12.75,0.00
New Caledonia,107.19,0.00,0.00,15.81
South Sudan,0.00,111.56,11.09,0.00
Papua New Guinea,121.76,0.00,0.00,0.00
Kuwait,0.00,56.01,28.05,32.90
Dominica,63.75,38.20,8.47,0.00
Gambia,39.95,47.76,0.00,18.58
Vanuatu,89.25,17.00,0.00,0.00
Bhutan,70.83,31.88,0.00,0.00
Fiji,72.25,29.75,0.00,0.00
St Vincent and the Grenadines,0.00,47.79,53.85,0.00
Indonesia,44.03,25.50,19.61,11.17
St Lucia,0.00,54.54,32.24,8.34
Nepal,65.68,14.87,0.00,9.36
Malta,16.46,29.54,17.45,21.69
Bangladesh,40.87,15.55,12.78,14.79
Macau,58.44,10.63,12.80,0.00
Guam,0.00,52.77,16.44,11.94
Seychelles,45.54,13.96,19.53,0.00
Bermuda,0.00,76.96,0.00,0.00
Solomon Islands,76.50,0.00,0.00,0.00
Liechtenstein,0.00,21.04,42.43,11.80
Brunei Darussalam,42.50,31.88,0.00,0.00
Timor-Leste,3.86,49.58,10.56,0.00
American Samoa,0.00,63.75,0.00,0.00
Cook Islands,0.00,63.75,0.00,0.00
Samoa,0.00,63.75,0.00,0.00
Sri Lanka,18.89,0.00,10.20,15.05
US Virgin Islands,0.00,43.99,0.00,0.00
Pakistan,0.00,25.42,0.00,14.22
Mongolia,34.00,0.00,0.00,4.30
Montserrat,0.00,10.63,19.80,0.00
Cayman Islands,0.00,21.25,0.00,0.00
Turks and Caicos Islands,0.00,0.00,19.80,0.00
San Marino,0.00,0.00,16.63,0.00
Andorra,9.48,0.00,0.00,2.20
British Virgin Islands,0.00,10.63,0.00,0.00
Anguilla,0.00,0.00,0.00,0.00
Bahamas,0.00,0.00,0.00,0.00
Djibouti,0.00,0.00,0.00,0.00
Eritrea,0.00,0.00,0.00,0.00
Gibraltar,0.00,0.00,0.00,0.00
Somalia,0.00,0.00,0.00,0.00
Tonga,0.00,0.00,0.00,0.00
