Team,Ranking1,Ranking2,Ranking3,Ranking4
Germany,1090.54,283.42,229.76,121.58
Argentina,937.59,295.45,220.13,85.12
Colombia,805.97,316.15,238.28,89.37
Belgium,849.03,326.46,162.65,79.12
Netherlands,884.29,263.86,128.56,97.54
Brazil,796.05,334.16,102.36,83.57
Portugal,570.26,305.65,172.10,112.21
France,700.29,217.61,144.39,97.26
Spain,420.42,349.84,249.22,122.08
Uruguay,585.86,312.98,91.01,145.23
Italy,519.52,269.35,190.09,123.89
Switzerland,523.66,310.94,166.47,89.56
England,523.32,227.52,167.63,113.06
Chile,523.75,313.59,89.47,94.96
Romania,625.49,195.28,128.01,65.43
Costa Rica,609.67,255.50,79.34,50.65
Czech Republic,596.59,185.25,123.50,81.96
Algeria,530.47,190.29,148.56,78.43
Croatia,459.98,215.14,157.66,113.66
Mexico,447.86,204.21,165.28,95.80
Slovakia,638.53,134.58,76.75,40.88
Tunisia,549.99,168.18,100.84,47.85
Austria,548.70,207.24,75.04,31.79
Côte d'Ivoire,392.56,215.98,160.67,92.11
Greece,328.47,273.35,159.20,95.05
Ukraine,404.33,312.91,96.77,39.94
Ecuador,392.03,182.96,209.72,67.48
USA,327.31,327.04,124.33,57.11
Bosnia and Herzegovina,346.68,252.58,99.64,108.85
Denmark,380.53,209.07,88.37,125.76
Russia,346.09,167.69,181.27,93.75
Israel,499.41,166.44,42.48,79.69
Iceland,435.40,213.00,72.45,40.08
Wales,433.23,173.14,46.29,94.86
Senegal,466.48,141.18,44.56,81.63
Scotland,365.31,235.66,55.67,72.22
Ghana,310.17,226.98,119.61,57.60
Guinea,442.50,126.75,95.52,32.84
Cape Verde Islands,345.77,217.49,66.07,63.88
Poland,436.18,96.35,97.05,54.88
Cameroon,351.41,194.26,69.59,48.33
Nigeria,309.70,215.02,81.92,49.28
Sweden,238.61,173.50,126.28,107.56
Hungary,291.79,144.71,125.23,70.67
Slovenia,266.37,238.07,55.59,61.94
Serbia,248.08,220.32,76.53,71.94
Northern Ireland,437.55,110.09,44.91,22.35
Turkey,267.81,174.88,79.68,81.93
Mali,237.87,146.88,172.87,45.05
Albania,297.45,149.63,88.43,41.02
South Africa,305.32,164.24,38.42,59.71
Peru,203.83,192.73,73.83,94.56
Japan,240.51,104.19,119.04,99.54
Trinidad and Tobago,319.81,105.60,81.84,45.50
Congo DR,321.31,128.39,65.08,33.47
Panama,189.81,205.55,83.96,68.08
IR Iran,213.77,178.15,79.72,74.92
Montenegro,268.36,104.59,134.23,30.27
Congo,305.21,111.68,87.11,25.08
Egypt,222.65,191.51,72.62,40.22
Republic of Ireland,248.29,110.93,53.55,106.01
Zambia,257.39,76.85,139.97,41.70
Togo,257.13,125.31,95.91,37.27
Gabon,291.92,87.60,112.20,19.76
Burkina Faso,243.93,195.70,38.34,32.13
Bulgaria,250.89,109.24,115.65,30.24
Norway,237.61,87.67,112.08,62.16
Haiti,222.06,91.99,117.22,52.36
Korea Republic,188.04,113.22,92.44,87.02
Finland,189.71,168.68,67.25,42.75
Jamaica,233.14,69.55,87.67,76.48
Honduras,102.14,219.69,79.16,59.79
Guatemala,300.90,26.74,74.61,55.94
Uzbekistan,161.65,135.65,89.26,61.56
Paraguay,145.67,132.29,83.18,76.90
Libya,166.68,114.54,97.47,58.80
Armenia,86.88,234.28,41.38,73.56
Uganda,219.18,103.73,68.28,33.73
Cuba,131.54,239.96,25.91,25.23
Antigua and Barbuda,265.89,79.86,13.52,53.79
Angola,201.10,75.65,73.31,44.02
Morocco,141.17,124.39,65.42,62.50
Estonia,214.22,69.93,41.83,64.32
Sierra Leone,120.50,102.52,82.08,81.70
United Arab Emirates,132.84,158.39,72.73,20.98
Jordan,122.76,153.53,52.68,53.27
Bolivia,88.83,119.52,142.93,23.44
Cyprus,261.45,60.89,33.86,15.57
Venezuela,0.00,223.07,64.11,81.36
Rwanda,240.63,40.90,46.28,38.72
Benin,191.44,68.80,96.11,4.73
Dominican Republic,152.09,91.48,74.32,42.72
El Salvador,148.71,105.22,37.58,66.21
Malawi,230.73,51.17,38.73,35.95
Lithuania,207.42,93.38,29.78,24.56
Oman,149.55,102.65,51.78,46.71
Latvia,195.10,65.95,31.03,46.69
Qatar,167.57,70.08,50.56,49.36
China PR,148.18,81.16,54.01,52.84
Mozambique,194.77,61.17,45.47,32.72
Belarus,139.19,80.75,74.27,37.04
Australia,47.49,104.39,90.72,83.94
FYR Macedonia,112.40,96.68,91.38,23.47
Iraq,164.50,49.56,49.96,56.95
Faroe Islands,270.27,9.44,0.00,37.50
Saudi Arabia,143.53,111.92,29.67,29.22
Zimbabwe,148.93,58.11,44.55,62.25
Botswana,163.73,100.22,22.62,22.82
Namibia,162.27,48.89,44.88,38.56
Ethiopia,92.33,95.65,70.07,28.68
Canada,125.99,24.51,83.45,52.55
Tanzania,160.80,57.30,43.51,23.36
Palestine,181.28,43.67,32.56,18.15
Kenya,129.60,81.88,34.95,24.93
Sudan,163.56,33.17,40.59,28.04
Sudan,163.56,33.17,40.59,28.04
Niger,111.22,46.13,65.17,38.14
St Kitts and Nevis,188.28,0.00,37.22,32.87
St Vincent and the Grenadines,179.51,0.00,53.98,22.82
Equatorial Guinea,78.69,33.97,111.05,27.46
Moldova,85.12,115.80,38.59,10.50
Liberia,76.11,71.96,57.97,42.96
Lesotho,144.35,60.91,15.47,26.51
Kuwait,93.48,82.25,31.71,38.05
Burundi,90.81,70.38,63.70,20.08
Bahrain,101.66,80.17,29.57,31.94
Georgia,83.13,31.61,74.81,49.11
Lebanon,98.18,53.40,33.50,52.85
Philippines,123.86,56.89,34.87,14.90
Luxembourg,104.85,75.23,17.79,32.25
Liechtenstein,141.43,29.50,6.43,41.25
Guinea-Bissau,204.61,0.00,0.00,13.29
Aruba,166.80,0.00,33.11,17.60
New Zealand,42.13,92.70,77.43,4.24
Afghanistan,94.60,80.03,26.88,14.13
Azerbaijan,42.59,109.50,35.79,26.99
Tajikistan,65.75,78.69,40.16,30.03
Korea DPR,54.16,51.10,74.87,30.83
Vietnam,131.28,14.84,25.77,34.27
Kazakhstan,90.11,56.94,26.49,31.27
Myanmar,114.47,53.75,26.32,7.30
Mauritania,117.16,78.32,0.00,0.00
Maldives,109.34,40.21,22.63,11.54
Barbados,135.15,0.00,42.98,4.64
Thailand,93.94,35.87,28.42,24.22
St Lucia,107.45,20.86,42.37,8.65
Central African Republic,21.50,0.00,132.76,23.83
Chad,109.22,0.00,39.47,23.58
Malta,58.16,54.23,33.04,20.69
Turkmenistan,64.50,32.25,50.96,18.37
Madagascar,147.06,0.00,0.00,18.74
Syria,51.00,57.49,10.42,29.33
Grenada,59.09,34.06,33.26,20.51
Kyrgyz Republic,66.96,73.43,0.00,5.16
New Caledonia,0.00,39.53,84.79,17.96
Malaysia,68.37,36.06,15.09,16.99
Curaçao,95.20,13.20,0.00,18.78
Indonesia,65.37,28.52,13.45,19.15
Singapore,46.75,42.93,17.17,16.11
Laos,59.70,36.28,14.74,9.77
Hong Kong,42.82,52.48,15.05,10.00
Puerto Rico,45.90,0.00,31.38,41.65
Swaziland,90.97,5.16,10.32,6.58
Bangladesh,42.60,36.98,6.45,25.19
Suriname,21.25,13.20,49.76,24.59
Guam,54.79,29.86,15.48,5.13
Tahiti,0.00,33.79,53.12,12.80
Gambia,0.00,46.44,18.06,25.84
Montserrat,66.00,0.00,19.80,0.00
Sri Lanka,34.00,37.63,7.74,5.63
India,8.60,47.05,17.35,11.07
São Tomé e Príncipe,0.00,0.00,78.43,5.33
Guyana,21.25,0.00,21.18,41.13
Comoros,64.16,4.30,0.00,8.70
Yemen,51.03,0.00,16.25,7.91
Nicaragua,0.00,24.86,30.84,19.34
Seychelles,65.11,0.00,0.00,9.68
Belize,0.00,41.27,0.00,32.48
Turks and Caicos Islands,66.00,0.00,0.00,0.00
Nepal,0.00,23.41,8.77,26.19
Bermuda,0.00,0.00,0.00,55.44
San Marino,55.44,0.00,0.00,0.00
Cambodia,42.50,0.00,0.00,12.90
Pakistan,0.00,35.56,8.51,9.77
Solomon Islands,0.00,0.00,38.46,14.92
Timor-Leste,35.19,0.00,15.48,0.00
Macau,42.67,0.00,2.58,3.69
Dominica,28.23,0.00,19.80,0.00
Chinese Taipei,7.37,16.82,10.32,12.82
South Sudan,36.98,0.00,5.93,0.00
Vanuatu,0.00,0.00,19.13,13.92
Mauritius,0.00,26.78,0.00,5.38
Fiji,0.00,0.00,12.75,17.00
Samoa,0.00,0.00,0.00,29.75
Mongolia,0.00,10.75,0.00,18.06
Bahamas,0.00,0.00,0.00,26.40
Tonga,0.00,0.00,0.00,17.00
US Virgin Islands,0.00,0.00,0.00,15.64
Brunei Darussalam,0.00,0.00,15.48,0.00
Papua New Guinea,0.00,0.00,6.38,6.80
American Samoa,0.00,0.00,0.00,12.14
Andorra,0.00,5.50,3.41,0.00
British Virgin Islands,0.00,0.00,7.92,0.00
Eritrea,0.00,0.00,0.00,7.57
Cayman Islands,0.00,0.00,0.00,5.28
Djibouti,0.00,0.00,0.00,5.16
Somalia,0.00,0.00,0.00,3.99
Cook Islands,0.00,0.00,0.00,3.54
Anguilla,0.00,0.00,0.00,1.76
Bhutan,0.00,0.00,0.00,0.00
