Team,Ranking1,Ranking2,Ranking3,Ranking4
Spain,699.69,415.36,183.12,208.86
Germany,566.83,382.93,182.37,185.38
Argentina,590.90,366.88,127.69,165.54
Colombia,632.31,397.14,134.05,36.90
Portugal,611.29,286.83,168.32,106.04
Uruguay,625.97,151.68,217.84,136.36
Italy,538.69,316.82,185.84,79.06
Switzerland,621.89,277.45,134.33,79.74
Netherlands,527.71,214.27,146.30,217.66
Brazil,668.33,170.61,125.36,137.92
Belgium,652.93,271.08,118.68,55.61
Greece,546.70,265.33,142.57,99.98
England,455.04,279.38,169.59,137.12
USA,654.09,207.22,85.66,71.75
Chile,627.18,149.11,142.43,95.51
Croatia,430.28,262.77,170.50,107.17
Côte d'Ivoire,431.97,267.78,138.16,79.96
Ukraine,625.82,161.29,59.91,59.98
France,435.22,240.64,145.90,71.40
Mexico,408.43,275.46,143.70,64.33
Bosnia and Herzegovina,505.17,166.07,163.28,51.83
Russia,335.38,302.11,140.62,91.94
Ecuador,365.92,349.54,101.22,35.06
Ghana,453.96,199.35,86.40,108.98
Denmark,418.15,147.29,188.64,76.53
Algeria,380.58,247.60,117.65,54.16
Sweden,347.00,210.47,161.33,73.85
Czech Republic,370.50,205.83,122.94,66.80
Slovenia,476.15,92.66,92.92,100.06
Serbia,440.63,127.55,107.91,75.92
Costa Rica,511.01,132.23,75.97,18.41
Romania,390.56,213.36,98.14,31.64
Scotland,471.33,92.78,108.33,44.13
Armenia,468.56,68.96,110.34,68.12
Venezuela,446.14,106.86,122.04,36.14
Nigeria,430.04,136.53,73.92,69.60
Panama,411.11,139.94,102.12,52.14
Egypt,383.01,121.03,60.34,134.48
Cape Verde Islands,434.99,110.11,95.82,57.12
Peru,385.46,123.05,141.83,47.18
Honduras,439.39,131.93,89.69,26.78
Mali,293.75,288.12,67.58,34.35
Turkey,349.77,132.80,122.90,71.59
Hungary,289.42,208.72,106.01,63.94
IR Iran,356.29,132.87,112.37,48.76
Austria,414.48,125.06,47.69,61.24
Cuba,479.91,43.19,37.84,80.19
Japan,208.37,198.40,149.31,82.30
Tunisia,336.37,168.06,71.77,55.64
Iceland,426.00,120.75,60.13,16.89
Cameroon,388.52,115.99,72.49,35.02
Paraguay,264.59,138.63,115.35,81.26
Montenegro,209.19,223.71,45.41,115.70
Korea Republic,226.44,154.06,130.52,66.33
Norway,175.34,186.80,93.23,121.80
Wales,346.28,77.14,142.29,8.30
Albania,299.25,147.38,61.53,63.28
Burkina Faso,391.40,63.89,48.20,65.08
Australia,208.77,151.19,125.91,78.14
Slovakia,269.15,127.92,61.32,98.33
South Africa,328.47,64.03,89.57,71.50
Israel,332.89,70.81,119.53,24.86
Libya,229.08,162.44,88.21,64.46
Finland,337.35,112.09,64.13,24.96
Senegal,282.37,74.26,122.44,57.27
Guinea,253.51,159.20,49.26,72.24
Republic of Ireland,221.86,89.25,159.01,57.53
Uzbekistan,271.29,148.76,92.34,13.86
Bolivia,239.03,238.21,35.15,6.56
Jordan,307.05,87.80,79.91,36.45
United Arab Emirates,316.78,121.22,31.47,38.69
Zambia,153.70,233.28,62.89,54.83
Haiti,183.99,195.36,78.54,37.59
Sierra Leone,205.04,136.79,122.55,28.64
Morocco,248.77,109.04,93.75,38.82
Bulgaria,218.48,192.75,45.36,29.45
Togo,250.61,159.85,55.91,13.64
Poland,192.69,161.75,82.32,35.95
Trinidad and Tobago,211.20,136.40,78.00,32.48
Gabon,175.20,187.00,29.63,60.70
Jamaica,139.11,146.12,110.25,45.19
Belarus,161.49,123.78,55.56,90.14
Congo DR,256.79,108.47,50.20,11.68
FYR Macedonia,193.36,152.30,35.21,40.40
Congo,223.35,145.19,37.63,14.96
Uganda,204.22,117.92,49.89,44.89
Oman,205.29,86.31,70.06,27.42
Dominican Republic,182.95,123.86,64.09,13.20
Angola,151.30,122.19,66.03,42.70
Northern Ireland,220.19,74.86,33.53,52.29
New Zealand,185.39,129.06,6.36,57.68
El Salvador,210.44,62.63,99.32,5.42
China PR,162.33,90.02,79.26,44.13
Ethiopia,202.56,113.00,41.57,18.46
Azerbaijan,219.01,59.65,40.49,43.86
Estonia,139.85,69.72,96.48,54.08
Moldova,231.60,64.31,15.75,47.31
Botswana,200.45,37.71,34.23,84.66
Saudi Arabia,223.83,49.45,45.02,33.88
Benin,137.60,160.18,7.10,36.65
Georgia,63.21,124.68,73.67,68.06
Lithuania,186.75,49.64,36.84,53.05
Qatar,140.16,84.26,76.14,19.05
Niger,92.25,108.62,57.20,60.09
Liberia,143.93,96.62,64.44,7.48
Zimbabwe,119.85,74.25,93.38,22.50
Central African Republic,0.00,221.27,35.75,52.63
Kuwait,164.51,52.85,56.91,35.30
Antigua and Barbuda,159.72,22.53,88.76,28.44
Iraq,100.31,83.26,85.43,29.96
Equatorial Guinea,67.94,185.09,41.18,0.00
Burundi,140.75,106.17,29.40,17.11
Korea DPR,102.20,124.78,46.24,18.77
Canada,49.02,139.09,78.82,23.61
Guatemala,53.48,124.36,83.92,25.47
Tajikistan,157.38,66.94,45.04,16.35
Kenya,166.44,64.11,35.32,14.89
Bahrain,160.35,49.28,47.90,17.50
Latvia,131.91,51.72,70.03,18.09
Mozambique,126.54,75.79,49.08,19.55
Malawi,102.34,62.86,53.75,51.51
New Caledonia,79.05,141.31,26.94,1.70
Lebanon,106.80,55.83,79.28,6.55
Luxembourg,150.45,29.66,48.38,14.80
Tanzania,117.19,72.52,36.98,16.16
Namibia,100.19,74.80,57.83,6.80
Cyprus,121.79,56.43,23.35,27.89
Rwanda,81.81,77.13,58.08,12.37
Afghanistan,160.06,44.81,21.19,0.00
Grenada,68.11,55.44,17.59,76.74
Sudan,66.35,69.58,40.33,41.43
Sudan,66.35,69.58,40.33,41.43
Kazakhstan,113.89,44.14,46.90,11.07
Philippines,109.94,59.33,22.35,12.27
Gambia,92.88,30.10,38.76,40.49
Syria,114.99,17.37,43.99,23.38
Malta,108.45,55.07,31.03,3.83
Turkmenistan,64.50,84.93,27.55,18.22
Lesotho,121.82,25.78,39.77,0.00
Suriname,26.40,82.94,36.88,39.91
Myanmar,125.42,37.59,10.96,10.20
Tahiti,67.58,88.54,19.20,3.74
Thailand,66.53,49.50,36.32,21.00
Palestine,87.34,54.26,27.22,4.51
Mauritania,156.64,0.00,0.00,1.72
Hong Kong,104.96,25.08,15.00,12.55
Kyrgyz Republic,146.86,0.00,7.74,0.00
St Kitts and Nevis,0.00,62.04,49.30,38.16
India,94.10,28.92,16.60,9.12
Maldives,80.41,37.72,17.31,11.90
Guyana,0.00,35.30,61.69,49.29
St Vincent and the Grenadines,0.00,89.96,34.23,17.98
Liechtenstein,59.00,10.71,61.88,9.88
Puerto Rico,0.00,52.31,62.48,26.40
Singapore,85.87,28.61,24.17,1.17
São Tomé e Príncipe,0.00,130.72,8.00,0.00
Bangladesh,73.96,10.75,37.78,14.34
Belize,82.54,0.00,48.72,4.36
Malaysia,72.12,25.16,25.49,9.69
Vietnam,33.91,39.05,51.41,7.26
Nicaragua,49.72,51.39,29.01,0.00
St Lucia,41.71,70.62,12.98,3.67
Indonesia,57.03,22.42,28.72,13.50
Laos,72.56,24.57,14.65,8.60
Chad,0.00,65.79,35.37,14.46
Nepal,46.82,14.62,39.28,12.04
Sri Lanka,75.25,12.90,8.44,10.93
Pakistan,71.12,14.19,14.65,6.80
Barbados,0.00,71.63,6.96,22.00
Guam,59.72,25.80,7.70,0.00
Faroe Islands,18.89,0.00,56.25,11.51
Solomon Islands,0.00,64.10,22.39,0.00
Bermuda,0.00,0.00,83.16,0.00
Aruba,0.00,55.18,26.40,0.00
Chinese Taipei,33.64,17.20,19.23,10.78
Curaçao,26.40,0.00,28.17,12.74
Dominica,0.00,33.00,0.00,33.91
Yemen,0.00,27.09,11.87,25.25
Mauritius,53.57,0.00,8.06,0.00
Vanuatu,0.00,31.88,20.88,0.00
Mongolia,21.50,0.00,27.09,0.00
Fiji,0.00,21.25,25.50,0.00
Samoa,0.00,0.00,44.63,0.00
Guinea-Bissau,0.00,0.00,19.94,21.67
Bahamas,0.00,0.00,39.60,0.00
Swaziland,10.32,17.20,9.87,0.00
Madagascar,0.00,0.00,28.10,5.16
Montserrat,0.00,33.00,0.00,0.00
Cambodia,0.00,0.00,19.35,8.60
Brunei Darussalam,0.00,25.80,0.00,0.00
Timor-Leste,0.00,25.80,0.00,0.00
Tonga,0.00,0.00,25.50,0.00
US Virgin Islands,0.00,0.00,23.47,0.00
Comoros,8.60,0.00,13.04,0.00
Cayman Islands,0.00,0.00,7.92,13.20
Papua New Guinea,0.00,10.63,10.20,0.00
British Virgin Islands,0.00,13.20,0.00,5.28
American Samoa,0.00,0.00,18.21,0.00
Andorra,11.00,5.69,0.00,0.00
Eritrea,0.00,0.00,11.35,5.10
Seychelles,0.00,0.00,14.51,0.00
South Sudan,0.00,9.89,0.00,0.00
Macau,0.00,4.30,5.53,0.00
Djibouti,0.00,0.00,7.74,0.00
Somalia,0.00,0.00,5.99,0.00
Cook Islands,0.00,0.00,5.31,0.00
Anguilla,0.00,0.00,2.64,0.00
Bhutan,0.00,0.00,0.00,0.00
San Marino,0.00,0.00,0.00,0.00
Turks and Caicos Islands,0.00,0.00,0.00,0.00
